# Energy	Energy^2	Magnetic	Magnet^2
-0.748356	0.560036	0.085938	0.007385
-0.734182	0.539023	0.015625	0.000244
-0.739975	0.547562	0.007812	0.000061
-0.743829	0.553282	0.109375	0.011963
-0.754892	0.569862	0.007812	0.000061
-0.728566	0.530808	0.039062	0.001526
-0.740882	0.548906	0.070312	0.004944
-0.737273	0.543572	0.093750	0.008789
-0.767013	0.588309	0.054688	0.002991
-0.739407	0.546723	0.054688	0.002991
-0.748326	0.559992	0.039062	0.001526
-0.735154	0.540452	0.031250	0.000977
-0.731206	0.534662	0.031250	0.000977
-0.736871	0.542980	0.000000	0.000000
-0.732262	0.536208	0.078125	0.006104
-0.758097	0.574711	0.023438	0.000549
-0.767967	0.589774	0.046875	0.002197
-0.751394	0.564593	0.085938	0.007385
-0.726170	0.527323	0.117188	0.013733
-0.729414	0.532045	0.132812	0.017639
-0.747018	0.558036	0.062500	0.003906
-0.737314	0.543633	0.031250	0.000977
-0.741258	0.549464	0.093750	0.008789
-0.731462	0.535036	0.085938	0.007385
-0.737284	0.543587	0.031250	0.000977
-0.764110	0.583864	0.054688	0.002991
-0.737424	0.543794	0.054688	0.002991
-0.743902	0.553390	0.070312	0.004944
-0.744134	0.553735	0.023438	0.000549
-0.732337	0.536318	0.117188	0.013733
-0.742580	0.551425	0.117188	0.013733
-0.738764	0.545772	0.039062	0.001526
-0.750868	0.563803	0.054688	0.002991
-0.737151	0.543391	0.070312	0.004944
-0.763494	0.582923	0.031250	0.000977
-0.751512	0.564771	0.070312	0.004944
-0.743093	0.552187	0.015625	0.000244
-0.739756	0.547239	0.085938	0.007385
-0.740125	0.547784	0.007812	0.000061
-0.731475	0.535056	0.039062	0.001526
-0.741311	0.549542	0.070312	0.004944
-0.760607	0.578524	0.031250	0.000977
-0.774154	0.599315	0.101562	0.010315
-0.741382	0.549647	0.070312	0.004944
-0.744292	0.553970	0.046875	0.002197
-0.749125	0.561189	0.039062	0.001526
-0.743657	0.553026	0.054688	0.002991
-0.735331	0.540712	0.015625	0.000244
-0.733255	0.537663	0.031250	0.000977
-0.751557	0.564837	0.039062	0.001526
-0.745167	0.555274	0.031250	0.000977
-0.742829	0.551795	0.101562	0.010315
-0.752748	0.566630	0.007812	0.000061
-0.750826	0.563740	0.007812	0.000061
-0.741857	0.550351	0.062500	0.003906
-0.740816	0.548808	0.054688	0.002991
-0.763804	0.583397	0.117188	0.013733
-0.727512	0.529274	0.132812	0.017639
-0.749721	0.562082	0.000000	0.000000
-0.741792	0.550256	0.023438	0.000549
-0.740847	0.548855	0.023438	0.000549
-0.737855	0.544430	0.078125	0.006104
-0.753596	0.567907	0.023438	0.000549
-0.736122	0.541876	0.085938	0.007385
-0.760282	0.578028	0.062500	0.003906
-0.730550	0.533704	0.039062	0.001526
-0.733162	0.537526	0.023438	0.000549
-0.746035	0.556568	0.078125	0.006104
-0.769088	0.591497	0.031250	0.000977
-0.740474	0.548302	0.046875	0.002197
-0.745434	0.555673	0.039062	0.001526
-0.730516	0.533653	0.023438	0.000549
-0.742137	0.550768	0.015625	0.000244
-0.733171	0.537539	0.023438	0.000549
-0.734114	0.538924	0.117188	0.013733
-0.733567	0.538120	0.046875	0.002197
-0.735023	0.540260	0.007812	0.000061
-0.740577	0.548454	0.054688	0.002991
-0.738670	0.545634	0.023438	0.000549
-0.733411	0.537892	0.015625	0.000244
-0.738684	0.545654	0.015625	0.000244
-0.756191	0.571825	0.046875	0.002197
-0.756298	0.571986	0.015625	0.000244
-0.733074	0.537397	0.046875	0.002197
-0.728147	0.530198	0.039062	0.001526
-0.730486	0.533610	0.015625	0.000244
-0.761214	0.579446	0.046875	0.002197
-0.742412	0.551175	0.062500	0.003906
-0.733809	0.538476	0.070312	0.004944
-0.748122	0.559686	0.039062	0.001526
-0.741082	0.549202	0.000000	0.000000
-0.727123	0.528707	0.062500	0.003906
-0.745262	0.555415	0.007812	0.000061
-0.742269	0.550963	0.078125	0.006104
-0.750781	0.563672	0.101562	0.010315
-0.725880	0.526902	0.039062	0.001526
-0.738494	0.545374	0.046875	0.002197
-0.727386	0.529090	0.046875	0.002197
-0.742903	0.551905	0.109375	0.011963
-0.724997	0.525620	0.007812	0.000061
-0.723798	0.523884	0.007812	0.000061
-0.747180	0.558277	0.039062	0.001526
-0.737447	0.543828	0.000000	0.000000
-0.750924	0.563886	0.039062	0.001526
-0.756060	0.571627	0.007812	0.000061
-0.730084	0.533023	0.054688	0.002991
-0.728241	0.530335	0.046875	0.002197
-0.735431	0.540858	0.054688	0.002991
-0.740735	0.548688	0.085938	0.007385
-0.743357	0.552580	0.125000	0.015625
-0.745947	0.556437	0.078125	0.006104
-0.735660	0.541196	0.062500	0.003906
-0.758007	0.574575	0.023438	0.000549
-0.732356	0.536345	0.109375	0.011963
-0.746008	0.556528	0.031250	0.000977
-0.754168	0.568770	0.109375	0.011963
-0.761389	0.579713	0.015625	0.000244
-0.737019	0.543198	0.007812	0.000061
-0.732301	0.536265	0.054688	0.002991
-0.740795	0.548777	0.031250	0.000977
-0.745755	0.556151	0.039062	0.001526
-0.741408	0.549686	0.062500	0.003906
-0.731143	0.534570	0.031250	0.000977
-0.727533	0.529304	0.015625	0.000244
-0.739767	0.547256	0.125000	0.015625
-0.738658	0.545615	0.015625	0.000244
-0.742923	0.551935	0.000000	0.000000
-0.730153	0.533124	0.015625	0.000244
-0.726608	0.527959	0.062500	0.003906
-0.743887	0.553367	0.023438	0.000549
-0.721203	0.520133	0.085938	0.007385
-0.744544	0.554345	0.093750	0.008789
-0.756578	0.572410	0.031250	0.000977
-0.749840	0.562260	0.015625	0.000244
-0.750078	0.562617	0.093750	0.008789
-0.755318	0.570506	0.093750	0.008789
-0.737796	0.544344	0.031250	0.000977
-0.755328	0.570520	0.054688	0.002991
-0.731892	0.535666	0.046875	0.002197
-0.744852	0.554804	0.054688	0.002991
-0.759676	0.577108	0.000000	0.000000
-0.759672	0.577102	0.031250	0.000977
-0.736702	0.542730	0.085938	0.007385
-0.749831	0.562247	0.078125	0.006104
-0.735660	0.541196	0.023438	0.000549
-0.741081	0.549201	0.007812	0.000061
-0.745878	0.556334	0.054688	0.002991
-0.742849	0.551825	0.140625	0.019775
-0.742362	0.551102	0.039062	0.001526
-0.736423	0.542319	0.015625	0.000244
-0.737105	0.543323	0.054688	0.002991
-0.740480	0.548311	0.031250	0.000977
-0.734058	0.538840	0.070312	0.004944
-0.729264	0.531826	0.054688	0.002991
-0.762849	0.581939	0.062500	0.003906
-0.737230	0.543508	0.046875	0.002197
-0.770764	0.594077	0.031250	0.000977
-0.765268	0.585636	0.046875	0.002197
-0.750630	0.563445	0.007812	0.000061
-0.754228	0.568860	0.031250	0.000977
-0.741676	0.550083	0.000000	0.000000
-0.760440	0.578269	0.000000	0.000000
-0.763303	0.582632	0.078125	0.006104
-0.753075	0.567122	0.000000	0.000000
-0.742682	0.551576	0.039062	0.001526
-0.735765	0.541350	0.031250	0.000977
-0.739925	0.547489	0.015625	0.000244
-0.747055	0.558091	0.015625	0.000244
-0.749684	0.562026	0.007812	0.000061
-0.738519	0.545410	0.023438	0.000549
-0.750409	0.563114	0.078125	0.006104
-0.753570	0.567868	0.132812	0.017639
-0.748030	0.559548	0.085938	0.007385
-0.754481	0.569241	0.023438	0.000549
-0.759066	0.576181	0.046875	0.002197
-0.742717	0.551629	0.000000	0.000000
-0.738129	0.544835	0.054688	0.002991
-0.752946	0.566927	0.093750	0.008789
-0.739964	0.547547	0.109375	0.011963
-0.732978	0.537257	0.039062	0.001526
-0.738280	0.545057	0.062500	0.003906
-0.733036	0.537342	0.000000	0.000000
-0.735577	0.541073	0.070312	0.004944
-0.743347	0.552565	0.054688	0.002991
-0.739614	0.547029	0.007812	0.000061
-0.750864	0.563796	0.046875	0.002197
-0.750027	0.562540	0.054688	0.002991
-0.731152	0.534583	0.000000	0.000000
-0.755304	0.570483	0.078125	0.006104
-0.762276	0.581065	0.117188	0.013733
-0.741909	0.550429	0.039062	0.001526
-0.743165	0.552295	0.031250	0.000977
-0.751323	0.564486	0.023438	0.000549
-0.745160	0.555263	0.070312	0.004944
-0.740619	0.548516	0.062500	0.003906
-0.729894	0.532746	0.046875	0.002197
-0.736829	0.542918	0.007812	0.000061
-0.749839	0.562259	0.000000	0.000000
-0.742438	0.551214	0.000000	0.000000
-0.746078	0.556633	0.093750	0.008789
-0.757057	0.573135	0.015625	0.000244
-0.725734	0.526690	0.046875	0.002197
-0.731430	0.534989	0.039062	0.001526
-0.751085	0.564129	0.031250	0.000977
-0.746082	0.556638	0.000000	0.000000
-0.736471	0.542390	0.101562	0.010315
-0.749349	0.561524	0.007812	0.000061
-0.731602	0.535242	0.070312	0.004944
-0.740726	0.548675	0.039062	0.001526
-0.749146	0.561219	0.101562	0.010315
-0.748767	0.560652	0.039062	0.001526
-0.735557	0.541044	0.031250	0.000977
-0.754749	0.569647	0.085938	0.007385
-0.733386	0.537856	0.109375	0.011963
-0.741327	0.549566	0.070312	0.004944
-0.729095	0.531579	0.054688	0.002991
-0.756155	0.571770	0.015625	0.000244
-0.733531	0.538067	0.078125	0.006104
-0.745972	0.556475	0.039062	0.001526
-0.739389	0.546696	0.015625	0.000244
-0.754278	0.568936	0.039062	0.001526
-0.759987	0.577580	0.007812	0.000061
-0.740957	0.549017	0.000000	0.000000
-0.735774	0.541364	0.054688	0.002991
-0.756277	0.571955	0.015625	0.000244
-0.737426	0.543797	0.070312	0.004944
-0.721227	0.520168	0.023438	0.000549
-0.750259	0.562888	0.023438	0.000549
-0.763917	0.583569	0.023438	0.000549
-0.732485	0.536534	0.101562	0.010315
-0.759638	0.577050	0.031250	0.000977
-0.745164	0.555269	0.046875	0.002197
-0.734994	0.540216	0.031250	0.000977
-0.741055	0.549162	0.070312	0.004944
-0.740364	0.548138	0.085938	0.007385
-0.742059	0.550652	0.015625	0.000244
-0.757706	0.574119	0.054688	0.002991
-0.736978	0.543137	0.085938	0.007385
-0.748677	0.560518	0.039062	0.001526
-0.752538	0.566313	0.007812	0.000061
-0.749874	0.562311	0.078125	0.006104
-0.742868	0.551853	0.093750	0.008789
-0.743926	0.553427	0.039062	0.001526
-0.746368	0.557065	0.015625	0.000244
-0.751387	0.564582	0.093750	0.008789
-0.760298	0.578053	0.007812	0.000061
-0.739483	0.546835	0.039062	0.001526
-0.753138	0.567217	0.031250	0.000977
-0.745885	0.556345	0.007812	0.000061
-0.739146	0.546336	0.085938	0.007385
-0.736751	0.542802	0.132812	0.017639
-0.737955	0.544577	0.007812	0.000061
-0.742146	0.550781	0.070312	0.004944
-0.746256	0.556899	0.070312	0.004944
-0.760339	0.578116	0.101562	0.010315
-0.752528	0.566299	0.023438	0.000549
-0.739715	0.547178	0.085938	0.007385
-0.738390	0.545220	0.046875	0.002197
-0.754136	0.568720	0.070312	0.004944
-0.746563	0.557356	0.125000	0.015625
-0.740799	0.548783	0.062500	0.003906
-0.744443	0.554196	0.015625	0.000244
-0.751753	0.565133	0.062500	0.003906
-0.727632	0.529449	0.015625	0.000244
-0.736267	0.542089	0.054688	0.002991
-0.750666	0.563500	0.039062	0.001526
-0.757298	0.573500	0.140625	0.019775
-0.742253	0.550940	0.046875	0.002197
-0.739612	0.547025	0.039062	0.001526
-0.738317	0.545111	0.062500	0.003906
-0.746896	0.557854	0.062500	0.003906
-0.748690	0.560537	0.015625	0.000244
-0.750177	0.562766	0.023438	0.000549
-0.752824	0.566744	0.125000	0.015625
-0.738970	0.546077	0.039062	0.001526
-0.742555	0.551388	0.054688	0.002991
-0.729562	0.532261	0.015625	0.000244
-0.733013	0.537307	0.109375	0.011963
-0.743015	0.552071	0.054688	0.002991
-0.760479	0.578328	0.054688	0.002991
-0.724723	0.525224	0.039062	0.001526
-0.743258	0.552433	0.023438	0.000549
-0.740982	0.549055	0.039062	0.001526
-0.729488	0.532152	0.015625	0.000244
-0.745448	0.555693	0.085938	0.007385
-0.753653	0.567993	0.054688	0.002991
-0.741215	0.549399	0.093750	0.008789
-0.733610	0.538183	0.007812	0.000061
-0.743656	0.553024	0.062500	0.003906
-0.754423	0.569154	0.062500	0.003906
-0.728832	0.531196	0.046875	0.002197
-0.740294	0.548036	0.054688	0.002991
-0.743482	0.552765	0.062500	0.003906
-0.735767	0.541353	0.039062	0.001526
-0.728669	0.530959	0.039062	0.001526
-0.740569	0.548442	0.125000	0.015625
-0.747516	0.558780	0.070312	0.004944
-0.749062	0.561094	0.039062	0.001526
-0.748016	0.559528	0.015625	0.000244
-0.746106	0.556675	0.023438	0.000549
-0.745525	0.555807	0.085938	0.007385
-0.745130	0.555219	0.031250	0.000977
-0.730190	0.533177	0.101562	0.010315
-0.746772	0.557668	0.062500	0.003906
-0.731477	0.535058	0.007812	0.000061
-0.749908	0.562362	0.023438	0.000549
-0.746588	0.557393	0.085938	0.007385
-0.747362	0.558550	0.031250	0.000977
-0.762589	0.581542	0.109375	0.011963
-0.729091	0.531574	0.070312	0.004944
-0.749790	0.562186	0.062500	0.003906
-0.756649	0.572517	0.085938	0.007385
-0.756470	0.572247	0.023438	0.000549
-0.746402	0.557116	0.046875	0.002197
-0.753574	0.567873	0.031250	0.000977
-0.732854	0.537075	0.015625	0.000244
-0.746837	0.557765	0.062500	0.003906
-0.737969	0.544598	0.015625	0.000244
-0.738745	0.545745	0.039062	0.001526
-0.743012	0.552066	0.007812	0.000061
-0.733623	0.538203	0.054688	0.002991
-0.738097	0.544787	0.062500	0.003906
-0.739249	0.546488	0.015625	0.000244
-0.762704	0.581718	0.000000	0.000000
-0.737776	0.544314	0.007812	0.000061
-0.756359	0.572080	0.039062	0.001526
-0.744299	0.553982	0.039062	0.001526
-0.744876	0.554840	0.101562	0.010315
-0.738134	0.544841	0.117188	0.013733
-0.737980	0.544615	0.109375	0.011963
-0.732520	0.536586	0.023438	0.000549
-0.749500	0.561750	0.101562	0.010315
-0.754833	0.569772	0.054688	0.002991
-0.741569	0.549925	0.007812	0.000061
-0.729482	0.532144	0.015625	0.000244
-0.743246	0.552415	0.023438	0.000549
-0.738298	0.545084	0.031250	0.000977
-0.744995	0.555017	0.125000	0.015625
-0.767555	0.589141	0.015625	0.000244
-0.741587	0.549951	0.140625	0.019775
-0.747355	0.558539	0.023438	0.000549
-0.737821	0.544379	0.062500	0.003906
-0.735080	0.540342	0.031250	0.000977
-0.739613	0.547028	0.015625	0.000244
-0.747417	0.558632	0.046875	0.002197
-0.756416	0.572165	0.078125	0.006104
-0.737304	0.543617	0.101562	0.010315
-0.736334	0.542187	0.000000	0.000000
-0.742886	0.551880	0.015625	0.000244
-0.771289	0.594887	0.007812	0.000061
-0.752710	0.566572	0.054688	0.002991
-0.756869	0.572851	0.031250	0.000977
-0.740203	0.547901	0.007812	0.000061
-0.756461	0.572233	0.109375	0.011963
-0.734844	0.539996	0.007812	0.000061
-0.730338	0.533393	0.015625	0.000244
-0.740752	0.548713	0.007812	0.000061
-0.740916	0.548956	0.070312	0.004944
-0.751376	0.564566	0.101562	0.010315
-0.738156	0.544875	0.007812	0.000061
-0.736890	0.543007	0.054688	0.002991
-0.740328	0.548086	0.062500	0.003906
-0.753792	0.568202	0.015625	0.000244
-0.732243	0.536180	0.070312	0.004944
-0.733794	0.538453	0.148438	0.022034
-0.734894	0.540070	0.023438	0.000549
-0.745517	0.555795	0.000000	0.000000
-0.739968	0.547553	0.140625	0.019775
-0.745409	0.555634	0.015625	0.000244
-0.748172	0.559762	0.031250	0.000977
-0.737964	0.544591	0.093750	0.008789
-0.749886	0.562330	0.039062	0.001526
-0.737340	0.543670	0.109375	0.011963
-0.775056	0.600711	0.015625	0.000244
-0.737452	0.543835	0.031250	0.000977
-0.745885	0.556344	0.054688	0.002991
-0.749190	0.561286	0.078125	0.006104
-0.740951	0.549008	0.085938	0.007385
-0.737706	0.544210	0.039062	0.001526
-0.738104	0.544797	0.007812	0.000061
-0.747260	0.558398	0.023438	0.000549
-0.745160	0.555264	0.000000	0.000000
-0.738848	0.545896	0.000000	0.000000
-0.726180	0.527337	0.093750	0.008789
-0.732003	0.535829	0.070312	0.004944
-0.733041	0.537349	0.148438	0.022034
-0.747071	0.558115	0.000000	0.000000
-0.746197	0.556811	0.039062	0.001526
-0.751989	0.565488	0.101562	0.010315
-0.743104	0.552204	0.007812	0.000061
-0.727251	0.528894	0.046875	0.002197
-0.741047	0.549151	0.109375	0.011963
-0.748457	0.560187	0.101562	0.010315
-0.733977	0.538722	0.015625	0.000244
-0.747227	0.558349	0.062500	0.003906
-0.737483	0.543881	0.046875	0.002197
-0.719389	0.517520	0.031250	0.000977
-0.755827	0.571275	0.085938	0.007385
-0.736940	0.543081	0.023438	0.000549
-0.727680	0.529519	0.000000	0.000000
-0.748854	0.560782	0.046875	0.002197
-0.727295	0.528957	0.015625	0.000244
-0.755412	0.570648	0.000000	0.000000
-0.738458	0.545320	0.062500	0.003906
-0.739269	0.546519	0.078125	0.006104
-0.736682	0.542700	0.015625	0.000244
-0.765698	0.586294	0.023438	0.000549
-0.746950	0.557934	0.023438	0.000549
-0.756248	0.571912	0.023438	0.000549
-0.742095	0.550706	0.039062	0.001526
-0.747071	0.558115	0.062500	0.003906
-0.748032	0.559552	0.039062	0.001526
-0.751130	0.564197	0.031250	0.000977
-0.740950	0.549006	0.117188	0.013733
-0.759082	0.576205	0.046875	0.002197
-0.763457	0.582867	0.093750	0.008789
-0.735856	0.541485	0.062500	0.003906
-0.744579	0.554397	0.015625	0.000244
-0.733797	0.538458	0.031250	0.000977
-0.749297	0.561446	0.070312	0.004944
-0.745828	0.556259	0.070312	0.004944
-0.731310	0.534814	0.093750	0.008789
-0.739758	0.547242	0.070312	0.004944
-0.727498	0.529254	0.046875	0.002197
-0.736533	0.542481	0.070312	0.004944
-0.752111	0.565671	0.007812	0.000061
-0.745084	0.555151	0.023438	0.000549
-0.744875	0.554839	0.023438	0.000549
-0.727411	0.529127	0.054688	0.002991
-0.731586	0.535218	0.023438	0.000549
-0.740195	0.547889	0.078125	0.006104
-0.746592	0.557400	0.000000	0.000000
-0.726486	0.527782	0.023438	0.000549
-0.747619	0.558935	0.031250	0.000977
-0.738315	0.545109	0.007812	0.000061
-0.734380	0.539313	0.039062	0.001526
-0.744510	0.554295	0.109375	0.011963
-0.737828	0.544391	0.039062	0.001526
-0.732116	0.535994	0.062500	0.003906
-0.726778	0.528207	0.140625	0.019775
-0.740734	0.548686	0.007812	0.000061
-0.745965	0.556464	0.015625	0.000244
-0.738995	0.546113	0.023438	0.000549
-0.728511	0.530729	0.046875	0.002197
-0.737009	0.543182	0.062500	0.003906
-0.744258	0.553920	0.023438	0.000549
-0.760664	0.578610	0.070312	0.004944
-0.739674	0.547118	0.007812	0.000061
-0.743983	0.553510	0.085938	0.007385
-0.744384	0.554107	0.007812	0.000061
-0.752800	0.566709	0.070312	0.004944
-0.743355	0.552576	0.015625	0.000244
-0.751804	0.565210	0.000000	0.000000
-0.746708	0.557574	0.117188	0.013733
-0.734281	0.539169	0.031250	0.000977
-0.734080	0.538873	0.070312	0.004944
-0.745008	0.555037	0.031250	0.000977
-0.725955	0.527011	0.093750	0.008789
-0.741453	0.549753	0.132812	0.017639
-0.748681	0.560523	0.046875	0.002197
-0.762648	0.581632	0.015625	0.000244
-0.750393	0.563090	0.046875	0.002197
-0.742768	0.551704	0.015625	0.000244
-0.736428	0.542326	0.054688	0.002991
-0.762293	0.581091	0.078125	0.006104
-0.739616	0.547032	0.007812	0.000061
-0.764056	0.583781	0.031250	0.000977
-0.748538	0.560310	0.039062	0.001526
-0.736657	0.542664	0.015625	0.000244
-0.753178	0.567278	0.046875	0.002197
-0.737624	0.544089	0.070312	0.004944
-0.743241	0.552407	0.007812	0.000061
-0.742489	0.551290	0.015625	0.000244
-0.739600	0.547008	0.109375	0.011963
-0.728999	0.531440	0.039062	0.001526
-0.768351	0.590364	0.140625	0.019775
-0.725152	0.525846	0.031250	0.000977
-0.734436	0.539396	0.015625	0.000244
-0.751361	0.564543	0.054688	0.002991
-0.771345	0.594973	0.070312	0.004944
-0.725082	0.525744	0.062500	0.003906
-0.735563	0.541054	0.070312	0.004944
-0.756445	0.572210	0.062500	0.003906
-0.736109	0.541856	0.156250	0.024414
-0.725784	0.526762	0.023438	0.000549
-0.746327	0.557004	0.031250	0.000977
-0.735970	0.541652	0.000000	0.000000
-0.737918	0.544523	0.078125	0.006104
-0.740865	0.548881	0.085938	0.007385
-0.754572	0.569378	0.007812	0.000061
-0.723236	0.523071	0.023438	0.000549
-0.723816	0.523909	0.031250	0.000977
-0.726294	0.527502	0.078125	0.006104
-0.748228	0.559846	0.132812	0.017639
-0.732989	0.537272	0.070312	0.004944
-0.748541	0.560314	0.046875	0.002197
-0.744329	0.554026	0.062500	0.003906
-0.731606	0.535248	0.031250	0.000977
-0.722346	0.521784	0.085938	0.007385
-0.744693	0.554568	0.031250	0.000977
-0.743862	0.553331	0.031250	0.000977
-0.768328	0.590327	0.085938	0.007385
-0.766526	0.587562	0.078125	0.006104
-0.752606	0.566416	0.046875	0.002197
-0.733488	0.538004	0.117188	0.013733
-0.729448	0.532094	0.054688	0.002991
-0.761285	0.579555	0.007812	0.000061
-0.749862	0.562293	0.132812	0.017639
-0.745544	0.555836	0.101562	0.010315
-0.754039	0.568576	0.031250	0.000977
-0.752478	0.566223	0.054688	0.002991
-0.745903	0.556371	0.007812	0.000061
-0.732185	0.536095	0.101562	0.010315
-0.737555	0.543988	0.046875	0.002197
-0.728176	0.530240	0.023438	0.000549
-0.751078	0.564118	0.031250	0.000977
-0.742618	0.551481	0.046875	0.002197
-0.748302	0.559956	0.046875	0.002197
-0.744427	0.554172	0.023438	0.000549
-0.731286	0.534780	0.023438	0.000549
-0.736900	0.543022	0.015625	0.000244
-0.758977	0.576046	0.070312	0.004944
-0.724950	0.525553	0.039062	0.001526
-0.730329	0.533381	0.093750	0.008789
-0.758130	0.574761	0.023438	0.000549
-0.740866	0.548882	0.132812	0.017639
-0.741578	0.549938	0.039062	0.001526
-0.725336	0.526113	0.046875	0.002197
-0.739263	0.546510	0.093750	0.008789
-0.736281	0.542109	0.031250	0.000977
-0.734887	0.540059	0.046875	0.002197
-0.726788	0.528221	0.101562	0.010315
-0.738697	0.545674	0.007812	0.000061
-0.743908	0.553399	0.023438	0.000549
-0.743740	0.553149	0.093750	0.008789
-0.746852	0.557788	0.007812	0.000061
-0.757562	0.573900	0.007812	0.000061
-0.758871	0.575885	0.054688	0.002991
-0.756532	0.572341	0.023438	0.000549
-0.750928	0.563894	0.031250	0.000977
-0.736385	0.542263	0.023438	0.000549
-0.737398	0.543756	0.117188	0.013733
-0.741798	0.550264	0.117188	0.013733
-0.746179	0.556784	0.000000	0.000000
-0.733981	0.538728	0.179688	0.032288
-0.732647	0.536772	0.062500	0.003906
-0.735441	0.540874	0.031250	0.000977
-0.728455	0.530647	0.046875	0.002197
-0.764446	0.584377	0.054688	0.002991
-0.724181	0.524439	0.007812	0.000061
-0.769076	0.591478	0.039062	0.001526
-0.735904	0.541555	0.054688	0.002991
-0.742868	0.551852	0.093750	0.008789
-0.748309	0.559967	0.023438	0.000549
-0.750197	0.562796	0.023438	0.000549
-0.748342	0.560016	0.062500	0.003906
-0.726736	0.528145	0.031250	0.000977
-0.751224	0.564338	0.007812	0.000061
-0.733908	0.538621	0.054688	0.002991
-0.725921	0.526962	0.015625	0.000244
-0.741790	0.550252	0.132812	0.017639
-0.744748	0.554649	0.062500	0.003906
-0.744694	0.554570	0.023438	0.000549
-0.739780	0.547275	0.015625	0.000244
-0.737203	0.543468	0.031250	0.000977
-0.768184	0.590106	0.039062	0.001526
-0.735123	0.540406	0.015625	0.000244
-0.755230	0.570372	0.031250	0.000977
-0.741271	0.549483	0.007812	0.000061
-0.763055	0.582253	0.093750	0.008789
-0.724970	0.525582	0.007812	0.000061
-0.730307	0.533348	0.062500	0.003906
-0.751931	0.565401	0.023438	0.000549
-0.744624	0.554465	0.078125	0.006104
-0.744373	0.554092	0.085938	0.007385
-0.740498	0.548337	0.039062	0.001526
-0.762810	0.581879	0.078125	0.006104
-0.762129	0.580841	0.007812	0.000061
-0.733487	0.538003	0.000000	0.000000
-0.742206	0.550870	0.054688	0.002991
-0.756125	0.571725	0.031250	0.000977
-0.752149	0.565729	0.031250	0.000977
-0.751097	0.564146	0.000000	0.000000
-0.730123	0.533079	0.015625	0.000244
-0.743380	0.552614	0.054688	0.002991
-0.731910	0.535693	0.015625	0.000244
-0.753599	0.567911	0.015625	0.000244
-0.755718	0.571110	0.070312	0.004944
-0.750630	0.563446	0.109375	0.011963
-0.735102	0.540375	0.078125	0.006104
-0.755875	0.571346	0.007812	0.000061
-0.724676	0.525156	0.031250	0.000977
-0.733024	0.537325	0.031250	0.000977
-0.738976	0.546085	0.023438	0.000549
-0.729620	0.532345	0.046875	0.002197
-0.736785	0.542852	0.046875	0.002197
-0.754745	0.569640	0.007812	0.000061
-0.734322	0.539229	0.031250	0.000977
-0.753724	0.568100	0.054688	0.002991
-0.736590	0.542565	0.023438	0.000549
-0.756327	0.572030	0.101562	0.010315
-0.744556	0.554363	0.078125	0.006104
-0.737218	0.543491	0.007812	0.000061
-0.740539	0.548398	0.046875	0.002197
-0.733010	0.537304	0.132812	0.017639
-0.739771	0.547261	0.023438	0.000549
-0.756980	0.573019	0.015625	0.000244
-0.743725	0.553127	0.015625	0.000244
-0.751742	0.565117	0.101562	0.010315
-0.740508	0.548353	0.039062	0.001526
-0.743751	0.553166	0.078125	0.006104
-0.757110	0.573215	0.023438	0.000549
-0.730027	0.532939	0.000000	0.000000
-0.750018	0.562526	0.078125	0.006104
-0.749257	0.561386	0.000000	0.000000
-0.736135	0.541895	0.078125	0.006104
-0.742844	0.551817	0.093750	0.008789
-0.730764	0.534016	0.031250	0.000977
-0.746158	0.556752	0.132812	0.017639
-0.742642	0.551517	0.054688	0.002991
-0.741371	0.549631	0.078125	0.006104
-0.743379	0.552612	0.039062	0.001526
-0.735672	0.541213	0.054688	0.002991
-0.728193	0.530265	0.062500	0.003906
-0.729789	0.532592	0.007812	0.000061
-0.749332	0.561498	0.054688	0.002991
-0.730470	0.533586	0.046875	0.002197
-0.739360	0.546653	0.062500	0.003906
-0.746327	0.557004	0.039062	0.001526
-0.753120	0.567190	0.054688	0.002991
-0.750335	0.563003	0.000000	0.000000
-0.758106	0.574725	0.046875	0.002197
-0.749564	0.561846	0.015625	0.000244
-0.734958	0.540163	0.039062	0.001526
-0.741472	0.549781	0.054688	0.002991
-0.766934	0.588188	0.070312	0.004944
-0.728339	0.530477	0.054688	0.002991
-0.731998	0.535821	0.007812	0.000061
-0.733642	0.538231	0.085938	0.007385
-0.729714	0.532482	0.070312	0.004944
-0.765992	0.586743	0.093750	0.008789
-0.741195	0.549370	0.054688	0.002991
-0.730359	0.533424	0.007812	0.000061
-0.743998	0.553533	0.031250	0.000977
-0.739116	0.546292	0.023438	0.000549
-0.757618	0.573985	0.164062	0.026917
-0.749327	0.561492	0.007812	0.000061
-0.741194	0.549369	0.078125	0.006104
-0.740546	0.548408	0.093750	0.008789
-0.737080	0.543287	0.007812	0.000061
-0.735419	0.540841	0.070312	0.004944
-0.730861	0.534158	0.000000	0.000000
-0.761675	0.580149	0.023438	0.000549
-0.753984	0.568492	0.023438	0.000549
-0.726757	0.528175	0.031250	0.000977
-0.745707	0.556079	0.070312	0.004944
-0.749659	0.561989	0.023438	0.000549
-0.745992	0.556504	0.015625	0.000244
-0.747017	0.558034	0.039062	0.001526
-0.737728	0.544242	0.015625	0.000244
-0.740781	0.548756	0.046875	0.002197
-0.750714	0.563571	0.007812	0.000061
-0.755495	0.570773	0.070312	0.004944
-0.740562	0.548432	0.062500	0.003906
-0.757655	0.574041	0.000000	0.000000
-0.736601	0.542582	0.000000	0.000000
-0.732707	0.536860	0.046875	0.002197
-0.743273	0.552454	0.085938	0.007385
-0.734259	0.539136	0.031250	0.000977
-0.742547	0.551375	0.015625	0.000244
-0.739210	0.546432	0.085938	0.007385
-0.750255	0.562882	0.007812	0.000061
-0.753462	0.567705	0.015625	0.000244
-0.738852	0.545903	0.093750	0.008789
-0.754894	0.569865	0.039062	0.001526
-0.735225	0.540556	0.039062	0.001526
-0.721144	0.520049	0.054688	0.002991
-0.740048	0.547670	0.007812	0.000061
-0.737445	0.543825	0.015625	0.000244
-0.749866	0.562299	0.007812	0.000061
-0.736656	0.542663	0.093750	0.008789
-0.742088	0.550695	0.132812	0.017639
-0.768093	0.589967	0.031250	0.000977
-0.744056	0.553620	0.062500	0.003906
-0.741641	0.550032	0.140625	0.019775
-0.750907	0.563861	0.007812	0.000061
-0.764096	0.583843	0.078125	0.006104
-0.751812	0.565222	0.054688	0.002991
-0.749368	0.561553	0.023438	0.000549
-0.735018	0.540251	0.070312	0.004944
-0.736388	0.542267	0.007812	0.000061
-0.751685	0.565030	0.007812	0.000061
-0.733474	0.537984	0.039062	0.001526
-0.728288	0.530403	0.054688	0.002991
-0.728315	0.530443	0.015625	0.000244
-0.741126	0.549267	0.007812	0.000061
-0.745842	0.556280	0.031250	0.000977
-0.763142	0.582386	0.015625	0.000244
-0.729148	0.531657	0.101562	0.010315
-0.756370	0.572096	0.000000	0.000000
-0.745651	0.555995	0.054688	0.002991
-0.747689	0.559038	0.015625	0.000244
-0.730947	0.534284	0.046875	0.002197
-0.730465	0.533579	0.007812	0.000061
-0.732556	0.536638	0.054688	0.002991
-0.742960	0.551990	0.117188	0.013733
-0.746558	0.557349	0.039062	0.001526
-0.753088	0.567141	0.007812	0.000061
-0.749000	0.561001	0.007812	0.000061
-0.745653	0.555998	0.015625	0.000244
-0.748296	0.559947	0.015625	0.000244
-0.730118	0.533073	0.101562	0.010315
-0.754957	0.569960	0.039062	0.001526
-0.750706	0.563559	0.171875	0.029541
-0.756470	0.572247	0.062500	0.003906
-0.771658	0.595457	0.046875	0.002197
-0.740890	0.548918	0.015625	0.000244
-0.725316	0.526084	0.109375	0.011963
-0.756608	0.572455	0.031250	0.000977
-0.737814	0.544370	0.031250	0.000977
-0.738594	0.545521	0.054688	0.002991
-0.742907	0.551911	0.085938	0.007385
-0.751256	0.564386	0.007812	0.000061
-0.747830	0.559250	0.078125	0.006104
-0.736952	0.543098	0.109375	0.011963
-0.740159	0.547836	0.054688	0.002991
-0.748400	0.560103	0.007812	0.000061
-0.742538	0.551362	0.085938	0.007385
-0.736870	0.542978	0.023438	0.000549
-0.759042	0.576145	0.101562	0.010315
-0.736315	0.542159	0.156250	0.024414
-0.748250	0.559878	0.046875	0.002197
-0.742660	0.551544	0.125000	0.015625
-0.739424	0.546748	0.039062	0.001526
-0.746286	0.556943	0.007812	0.000061
-0.733991	0.538743	0.062500	0.003906
-0.745784	0.556194	0.093750	0.008789
-0.744393	0.554121	0.148438	0.022034
-0.735073	0.540333	0.046875	0.002197
-0.743971	0.553493	0.062500	0.003906
-0.742430	0.551202	0.039062	0.001526
-0.734409	0.539357	0.046875	0.002197
-0.743007	0.552060	0.109375	0.011963
-0.743406	0.552653	0.140625	0.019775
-0.734760	0.539872	0.109375	0.011963
-0.742610	0.551470	0.046875	0.002197
-0.751011	0.564018	0.140625	0.019775
-0.744532	0.554328	0.039062	0.001526
-0.739431	0.546758	0.031250	0.000977
-0.751104	0.564157	0.078125	0.006104
-0.753211	0.567327	0.062500	0.003906
-0.754844	0.569790	0.062500	0.003906
-0.737815	0.544371	0.093750	0.008789
-0.744041	0.553598	0.039062	0.001526
-0.746627	0.557452	0.078125	0.006104
-0.744670	0.554534	0.101562	0.010315
-0.751012	0.564018	0.078125	0.006104
-0.735150	0.540446	0.093750	0.008789
-0.742325	0.551046	0.125000	0.015625
-0.737236	0.543518	0.031250	0.000977
-0.727007	0.528539	0.070312	0.004944
-0.759426	0.576728	0.070312	0.004944
-0.730984	0.534337	0.062500	0.003906
-0.738599	0.545529	0.078125	0.006104
-0.750405	0.563108	0.085938	0.007385
-0.738162	0.544883	0.062500	0.003906
-0.734104	0.538909	0.085938	0.007385
-0.749919	0.562379	0.015625	0.000244
-0.748189	0.559786	0.031250	0.000977
-0.760256	0.577989	0.039062	0.001526
-0.739805	0.547312	0.023438	0.000549
-0.727757	0.529631	0.062500	0.003906
-0.743480	0.552763	0.093750	0.008789
-0.732489	0.536540	0.007812	0.000061
-0.745579	0.555888	0.046875	0.002197
-0.744843	0.554791	0.093750	0.008789
-0.729073	0.531547	0.046875	0.002197
-0.731437	0.535000	0.015625	0.000244
-0.735575	0.541070	0.000000	0.000000
-0.746182	0.556787	0.023438	0.000549
-0.748162	0.559746	0.093750	0.008789
-0.747377	0.558572	0.000000	0.000000
-0.740641	0.548549	0.000000	0.000000
-0.742740	0.551663	0.085938	0.007385
-0.754006	0.568524	0.023438	0.000549
-0.720925	0.519733	0.039062	0.001526
-0.754934	0.569925	0.062500	0.003906
-0.732595	0.536695	0.015625	0.000244
-0.736446	0.542353	0.031250	0.000977
-0.741774	0.550229	0.085938	0.007385
-0.751284	0.564428	0.039062	0.001526
-0.750803	0.563704	0.023438	0.000549
-0.748012	0.559522	0.023438	0.000549
-0.758785	0.575755	0.031250	0.000977
-0.752517	0.566282	0.023438	0.000549
-0.734733	0.539833	0.023438	0.000549
-0.733040	0.537347	0.031250	0.000977
-0.741545	0.549889	0.062500	0.003906
-0.738446	0.545302	0.078125	0.006104
-0.761610	0.580050	0.015625	0.000244
-0.727876	0.529804	0.093750	0.008789
-0.733216	0.537606	0.015625	0.000244
-0.731131	0.534552	0.109375	0.011963
-0.736079	0.541812	0.046875	0.002197
-0.753024	0.567045	0.093750	0.008789
-0.732819	0.537024	0.023438	0.000549
-0.762512	0.581424	0.031250	0.000977
-0.748149	0.559726	0.117188	0.013733
-0.729782	0.532582	0.070312	0.004944
-0.754160	0.568758	0.023438	0.000549
-0.740854	0.548864	0.000000	0.000000
-0.732895	0.537134	0.023438	0.000549
-0.749179	0.561269	0.046875	0.002197
-0.752809	0.566721	0.039062	0.001526
-0.741660	0.550060	0.078125	0.006104
-0.733725	0.538353	0.062500	0.003906
-0.751501	0.564753	0.085938	0.007385
-0.744078	0.553652	0.007812	0.000061
-0.730079	0.533015	0.046875	0.002197
-0.742333	0.551058	0.046875	0.002197
-0.735960	0.541637	0.023438	0.000549
-0.740236	0.547950	0.015625	0.000244
-0.744933	0.554925	0.015625	0.000244
-0.726688	0.528075	0.210938	0.044495
-0.755218	0.570354	0.015625	0.000244
-0.744919	0.554905	0.054688	0.002991
-0.766361	0.587309	0.085938	0.007385
-0.744521	0.554312	0.062500	0.003906
-0.754184	0.568793	0.062500	0.003906
-0.752523	0.566291	0.046875	0.002197
-0.743769	0.553192	0.007812	0.000061
-0.733793	0.538452	0.101562	0.010315
-0.745087	0.555155	0.101562	0.010315
-0.732566	0.536652	0.007812	0.000061
-0.742898	0.551898	0.054688	0.002991
-0.772003	0.595988	0.039062	0.001526
-0.734325	0.539233	0.023438	0.000549
-0.748005	0.559512	0.062500	0.003906
-0.731709	0.535398	0.109375	0.011963
-0.741828	0.550308	0.007812	0.000061
-0.738898	0.545970	0.039062	0.001526
-0.746181	0.556785	0.062500	0.003906
-0.745598	0.555916	0.031250	0.000977
-0.728303	0.530425	0.054688	0.002991
-0.766894	0.588127	0.070312	0.004944
-0.737843	0.544412	0.093750	0.008789
-0.732051	0.535899	0.039062	0.001526
-0.749908	0.562361	0.109375	0.011963
-0.739118	0.546296	0.109375	0.011963
-0.736251	0.542065	0.093750	0.008789
-0.721755	0.520931	0.015625	0.000244
-0.741148	0.549301	0.015625	0.000244
-0.745546	0.555839	0.039062	0.001526
-0.742355	0.551091	0.031250	0.000977
-0.743240	0.552406	0.062500	0.003906
-0.749977	0.562466	0.078125	0.006104
-0.731147	0.534575	0.078125	0.006104
-0.784386	0.615262	0.062500	0.003906
-0.733383	0.537850	0.031250	0.000977
-0.750039	0.562559	0.101562	0.010315
-0.741880	0.550386	0.062500	0.003906
-0.752788	0.566689	0.015625	0.000244
-0.743689	0.553074	0.125000	0.015625
-0.748635	0.560455	0.062500	0.003906
-0.745968	0.556468	0.031250	0.000977
-0.743772	0.553196	0.078125	0.006104
-0.754835	0.569777	0.039062	0.001526
-0.741379	0.549643	0.062500	0.003906
-0.751931	0.565400	0.023438	0.000549
-0.746900	0.557859	0.085938	0.007385
-0.738883	0.545947	0.007812	0.000061
-0.733897	0.538605	0.007812	0.000061
-0.753358	0.567548	0.046875	0.002197
-0.742367	0.551109	0.023438	0.000549
-0.744217	0.553859	0.039062	0.001526
-0.734952	0.540155	0.000000	0.000000
-0.738423	0.545269	0.039062	0.001526
-0.733872	0.538568	0.062500	0.003906
-0.739953	0.547530	0.070312	0.004944
-0.731582	0.535212	0.046875	0.002197
-0.742284	0.550985	0.132812	0.017639
-0.761330	0.579624	0.054688	0.002991
-0.752181	0.565776	0.046875	0.002197
-0.730840	0.534128	0.007812	0.000061
-0.747932	0.559402	0.062500	0.003906
-0.735410	0.540828	0.031250	0.000977
-0.751514	0.564774	0.046875	0.002197
-0.772243	0.596359	0.023438	0.000549
-0.738743	0.545741	0.117188	0.013733
-0.736403	0.542290	0.070312	0.004944
-0.750818	0.563728	0.171875	0.029541
-0.754323	0.569003	0.054688	0.002991
-0.731343	0.534863	0.062500	0.003906
-0.760409	0.578222	0.117188	0.013733
-0.760560	0.578452	0.046875	0.002197
-0.753176	0.567275	0.062500	0.003906
-0.745806	0.556226	0.000000	0.000000
-0.750177	0.562765	0.023438	0.000549
-0.728120	0.530159	0.109375	0.011963
-0.739643	0.547071	0.015625	0.000244
-0.738581	0.545502	0.031250	0.000977
-0.756642	0.572508	0.039062	0.001526
-0.737294	0.543603	0.156250	0.024414
-0.744658	0.554515	0.054688	0.002991
-0.763891	0.583529	0.000000	0.000000
-0.743333	0.552544	0.117188	0.013733
-0.743073	0.552158	0.039062	0.001526
-0.759389	0.576672	0.046875	0.002197
-0.750413	0.563119	0.093750	0.008789
-0.728607	0.530869	0.031250	0.000977
-0.740070	0.547703	0.070312	0.004944
-0.753656	0.567997	0.039062	0.001526
-0.768815	0.591076	0.007812	0.000061
-0.758373	0.575130	0.031250	0.000977
-0.765544	0.586057	0.117188	0.013733
-0.746106	0.556674	0.031250	0.000977
-0.747068	0.558111	0.062500	0.003906
-0.747136	0.558212	0.007812	0.000061
-0.752296	0.565949	0.054688	0.002991
-0.732030	0.535868	0.039062	0.001526
-0.733519	0.538050	0.054688	0.002991
-0.752844	0.566775	0.054688	0.002991
-0.751372	0.564560	0.078125	0.006104
-0.735562	0.541052	0.070312	0.004944
-0.746042	0.556579	0.070312	0.004944
-0.743319	0.552524	0.070312	0.004944
-0.744555	0.554363	0.015625	0.000244
-0.740557	0.548425	0.070312	0.004944
-0.747871	0.559312	0.078125	0.006104
-0.731357	0.534883	0.046875	0.002197
-0.739503	0.546865	0.007812	0.000061
-0.743965	0.553483	0.195312	0.038147
-0.727113	0.528693	0.109375	0.011963
-0.733695	0.538309	0.070312	0.004944
-0.734060	0.538845	0.101562	0.010315
-0.732517	0.536581	0.007812	0.000061
-0.755993	0.571525	0.070312	0.004944
-0.733800	0.538462	0.093750	0.008789
-0.730269	0.533293	0.015625	0.000244
-0.769773	0.592551	0.007812	0.000061
-0.750399	0.563098	0.070312	0.004944
-0.745702	0.556071	0.093750	0.008789
-0.736603	0.542584	0.031250	0.000977
-0.745033	0.555075	0.085938	0.007385
-0.741627	0.550011	0.039062	0.001526
-0.734620	0.539667	0.023438	0.000549
-0.742292	0.550997	0.007812	0.000061
-0.741930	0.550460	0.085938	0.007385
-0.750167	0.562750	0.093750	0.008789
-0.744885	0.554854	0.031250	0.000977
-0.750158	0.562736	0.031250	0.000977
-0.733995	0.538749	0.078125	0.006104
-0.723366	0.523258	0.015625	0.000244
-0.729716	0.532486	0.078125	0.006104
-0.748844	0.560767	0.000000	0.000000
-0.743013	0.552069	0.093750	0.008789
-0.745158	0.555260	0.171875	0.029541
-0.751793	0.565193	0.046875	0.002197
-0.741439	0.549732	0.039062	0.001526
-0.743374	0.552604	0.054688	0.002991
-0.727607	0.529412	0.015625	0.000244
-0.731578	0.535206	0.007812	0.000061
-0.744621	0.554461	0.062500	0.003906
-0.742096	0.550707	0.046875	0.002197
-0.742259	0.550949	0.007812	0.000061
-0.752057	0.565590	0.031250	0.000977
-0.752760	0.566647	0.062500	0.003906
-0.740774	0.548746	0.015625	0.000244
-0.760206	0.577913	0.000000	0.000000
-0.747078	0.558126	0.117188	0.013733
-0.741789	0.550251	0.054688	0.002991
-0.740221	0.547927	0.000000	0.000000
-0.739454	0.546792	0.007812	0.000061
-0.751587	0.564882	0.054688	0.002991
-0.748949	0.560924	0.015625	0.000244
-0.732241	0.536177	0.023438	0.000549
-0.755148	0.570249	0.000000	0.000000
-0.752287	0.565936	0.132812	0.017639
-0.740015	0.547621	0.023438	0.000549
-0.742852	0.551829	0.031250	0.000977
-0.746632	0.557460	0.054688	0.002991
-0.739330	0.546609	0.078125	0.006104
-0.749925	0.562388	0.070312	0.004944
-0.742818	0.551779	0.023438	0.000549
-0.764752	0.584846	0.023438	0.000549
-0.733381	0.537847	0.054688	0.002991
-0.736610	0.542595	0.070312	0.004944
-0.732672	0.536808	0.148438	0.022034
-0.732060	0.535912	0.023438	0.000549
-0.740778	0.548752	0.093750	0.008789
-0.752795	0.566701	0.023438	0.000549
-0.746052	0.556594	0.046875	0.002197
-0.725412	0.526222	0.039062	0.001526
-0.753802	0.568217	0.007812	0.000061
-0.745722	0.556101	0.031250	0.000977
-0.742543	0.551370	0.054688	0.002991
-0.748863	0.560795	0.125000	0.015625
-0.741195	0.549369	0.031250	0.000977
-0.750147	0.562721	0.015625	0.000244
-0.737462	0.543851	0.093750	0.008789
