# Energy	Energy^2	Magnetic	Magnet^2
-0.742787	0.551733	0.007812	0.000061
-0.743138	0.552254	0.046875	0.002197
-0.746368	0.557066	0.031250	0.000977
-0.755981	0.571508	0.046875	0.002197
-0.738144	0.544856	0.007812	0.000061
-0.735340	0.540725	0.015625	0.000244
-0.754298	0.568966	0.093750	0.008789
-0.742022	0.550597	0.070312	0.004944
-0.739005	0.546128	0.054688	0.002991
-0.747421	0.558639	0.023438	0.000549
-0.752339	0.566014	0.054688	0.002991
-0.749228	0.561342	0.070312	0.004944
-0.741374	0.549635	0.085938	0.007385
-0.740092	0.547735	0.000000	0.000000
-0.754046	0.568586	0.046875	0.002197
-0.754029	0.568559	0.156250	0.024414
-0.746912	0.557878	0.093750	0.008789
-0.741270	0.549481	0.054688	0.002991
-0.734109	0.538916	0.015625	0.000244
-0.739534	0.546911	0.039062	0.001526
-0.752352	0.566034	0.007812	0.000061
-0.747499	0.558755	0.023438	0.000549
-0.750659	0.563489	0.070312	0.004944
-0.763690	0.583222	0.015625	0.000244
-0.753840	0.568275	0.093750	0.008789
-0.731881	0.535649	0.015625	0.000244
-0.739599	0.547007	0.078125	0.006104
-0.743048	0.552120	0.070312	0.004944
-0.727058	0.528614	0.031250	0.000977
-0.744538	0.554336	0.085938	0.007385
-0.746780	0.557681	0.031250	0.000977
-0.748894	0.560843	0.031250	0.000977
-0.739498	0.546857	0.109375	0.011963
-0.750571	0.563357	0.007812	0.000061
-0.747563	0.558850	0.015625	0.000244
-0.759375	0.576651	0.015625	0.000244
-0.745555	0.555853	0.046875	0.002197
-0.732970	0.537245	0.085938	0.007385
-0.748701	0.560553	0.023438	0.000549
-0.771218	0.594777	0.078125	0.006104
-0.749066	0.561100	0.046875	0.002197
-0.747038	0.558066	0.085938	0.007385
-0.730517	0.533656	0.039062	0.001526
-0.744944	0.554942	0.054688	0.002991
-0.739005	0.546128	0.078125	0.006104
-0.756200	0.571838	0.093750	0.008789
-0.747816	0.559228	0.023438	0.000549
-0.756969	0.573003	0.015625	0.000244
-0.733605	0.538177	0.007812	0.000061
-0.757703	0.574114	0.015625	0.000244
-0.750088	0.562632	0.054688	0.002991
-0.749807	0.562211	0.007812	0.000061
-0.739941	0.547512	0.015625	0.000244
-0.748824	0.560738	0.031250	0.000977
-0.740666	0.548586	0.039062	0.001526
-0.746337	0.557018	0.054688	0.002991
-0.740494	0.548331	0.117188	0.013733
-0.738443	0.545299	0.015625	0.000244
-0.752186	0.565783	0.000000	0.000000
-0.723296	0.523157	0.070312	0.004944
-0.747416	0.558630	0.054688	0.002991
-0.743468	0.552745	0.015625	0.000244
-0.734569	0.539592	0.171875	0.029541
-0.742702	0.551606	0.093750	0.008789
-0.755323	0.570512	0.101562	0.010315
-0.748464	0.560199	0.054688	0.002991
-0.739288	0.546546	0.078125	0.006104
-0.744830	0.554772	0.046875	0.002197
-0.749117	0.561176	0.031250	0.000977
-0.758762	0.575720	0.070312	0.004944
-0.753042	0.567073	0.007812	0.000061
-0.743868	0.553339	0.062500	0.003906
-0.750670	0.563505	0.015625	0.000244
-0.751436	0.564656	0.007812	0.000061
-0.724349	0.524681	0.054688	0.002991
-0.752172	0.565762	0.031250	0.000977
-0.763557	0.583019	0.101562	0.010315
-0.739179	0.546385	0.000000	0.000000
-0.737846	0.544416	0.007812	0.000061
-0.744172	0.553791	0.148438	0.022034
-0.757030	0.573095	0.023438	0.000549
-0.744288	0.553965	0.054688	0.002991
-0.742580	0.551425	0.070312	0.004944
-0.747172	0.558266	0.000000	0.000000
-0.735413	0.540833	0.007812	0.000061
-0.740899	0.548932	0.015625	0.000244
-0.738723	0.545711	0.031250	0.000977
-0.736273	0.542098	0.117188	0.013733
-0.744598	0.554426	0.062500	0.003906
-0.740265	0.547992	0.062500	0.003906
-0.750339	0.563009	0.023438	0.000549
-0.733701	0.538317	0.046875	0.002197
-0.739787	0.547285	0.039062	0.001526
-0.751149	0.564224	0.039062	0.001526
-0.743062	0.552141	0.054688	0.002991
-0.745860	0.556307	0.015625	0.000244
-0.760066	0.577700	0.023438	0.000549
-0.744684	0.554554	0.085938	0.007385
-0.739571	0.546965	0.070312	0.004944
-0.753906	0.568374	0.023438	0.000549
-0.758916	0.575953	0.023438	0.000549
-0.739163	0.546362	0.007812	0.000061
-0.720175	0.518652	0.015625	0.000244
-0.738160	0.544880	0.054688	0.002991
-0.743806	0.553248	0.054688	0.002991
-0.754870	0.569829	0.039062	0.001526
-0.748202	0.559806	0.046875	0.002197
-0.758136	0.574770	0.031250	0.000977
-0.730613	0.533795	0.085938	0.007385
-0.745231	0.555370	0.070312	0.004944
-0.751224	0.564337	0.015625	0.000244
-0.737821	0.544380	0.023438	0.000549
-0.734138	0.538958	0.007812	0.000061
-0.756970	0.573004	0.070312	0.004944
-0.769382	0.591948	0.070312	0.004944
-0.736538	0.542488	0.031250	0.000977
-0.757571	0.573914	0.039062	0.001526
-0.743339	0.552552	0.085938	0.007385
-0.738019	0.544672	0.031250	0.000977
-0.749221	0.561332	0.062500	0.003906
-0.749902	0.562352	0.046875	0.002197
-0.746530	0.557307	0.093750	0.008789
-0.760431	0.578255	0.015625	0.000244
-0.750437	0.563156	0.039062	0.001526
-0.754203	0.568822	0.070312	0.004944
-0.750732	0.563599	0.007812	0.000061
-0.747205	0.558315	0.046875	0.002197
-0.743248	0.552418	0.062500	0.003906
-0.753550	0.567837	0.054688	0.002991
-0.744618	0.554456	0.062500	0.003906
-0.746080	0.556635	0.023438	0.000549
-0.743188	0.552329	0.015625	0.000244
-0.748602	0.560405	0.093750	0.008789
-0.745691	0.556055	0.156250	0.024414
-0.750672	0.563508	0.054688	0.002991
-0.751458	0.564690	0.023438	0.000549
-0.737935	0.544548	0.125000	0.015625
-0.745983	0.556491	0.023438	0.000549
-0.773094	0.597674	0.078125	0.006104
-0.738439	0.545292	0.007812	0.000061
-0.737848	0.544420	0.015625	0.000244
-0.729628	0.532357	0.046875	0.002197
-0.736454	0.542364	0.023438	0.000549
-0.762451	0.581332	0.031250	0.000977
-0.754682	0.569545	0.007812	0.000061
-0.736451	0.542360	0.101562	0.010315
-0.745671	0.556025	0.031250	0.000977
-0.752099	0.565653	0.015625	0.000244
-0.756775	0.572708	0.031250	0.000977
-0.760794	0.578808	0.054688	0.002991
-0.732244	0.536182	0.007812	0.000061
-0.744721	0.554610	0.039062	0.001526
-0.746445	0.557181	0.039062	0.001526
-0.740291	0.548030	0.023438	0.000549
-0.743407	0.552654	0.148438	0.022034
-0.743569	0.552895	0.000000	0.000000
-0.741471	0.549779	0.031250	0.000977
-0.760030	0.577645	0.046875	0.002197
-0.738349	0.545159	0.023438	0.000549
-0.742607	0.551464	0.078125	0.006104
-0.731744	0.535449	0.007812	0.000061
-0.742466	0.551256	0.125000	0.015625
-0.749369	0.561554	0.117188	0.013733
-0.752572	0.566365	0.195312	0.038147
-0.744774	0.554689	0.101562	0.010315
-0.743940	0.553447	0.031250	0.000977
-0.737818	0.544376	0.023438	0.000549
-0.762058	0.580732	0.125000	0.015625
-0.737629	0.544097	0.117188	0.013733
-0.738400	0.545235	0.015625	0.000244
-0.743692	0.553078	0.062500	0.003906
-0.743979	0.553504	0.031250	0.000977
-0.761188	0.579407	0.093750	0.008789
-0.746573	0.557372	0.023438	0.000549
-0.726223	0.527400	0.085938	0.007385
-0.748753	0.560631	0.070312	0.004944
-0.727923	0.529871	0.031250	0.000977
-0.743782	0.553212	0.062500	0.003906
-0.742525	0.551344	0.023438	0.000549
-0.752938	0.566916	0.101562	0.010315
-0.738518	0.545409	0.078125	0.006104
-0.742621	0.551485	0.054688	0.002991
-0.752846	0.566777	0.031250	0.000977
-0.730804	0.534074	0.031250	0.000977
-0.762440	0.581314	0.023438	0.000549
-0.749713	0.562070	0.109375	0.011963
-0.751313	0.564472	0.078125	0.006104
-0.732862	0.537086	0.000000	0.000000
-0.742994	0.552040	0.078125	0.006104
-0.753730	0.568109	0.007812	0.000061
-0.742046	0.550633	0.054688	0.002991
-0.738150	0.544866	0.054688	0.002991
-0.726823	0.528271	0.054688	0.002991
-0.747050	0.558084	0.031250	0.000977
-0.742644	0.551520	0.093750	0.008789
-0.742154	0.550792	0.039062	0.001526
-0.747225	0.558346	0.023438	0.000549
-0.734438	0.539400	0.046875	0.002197
-0.751476	0.564716	0.046875	0.002197
-0.749945	0.562418	0.023438	0.000549
-0.749268	0.561403	0.007812	0.000061
-0.739856	0.547387	0.007812	0.000061
-0.735600	0.541107	0.031250	0.000977
-0.756314	0.572010	0.015625	0.000244
-0.753561	0.567854	0.101562	0.010315
-0.741296	0.549520	0.054688	0.002991
-0.743643	0.553005	0.023438	0.000549
-0.749254	0.561381	0.039062	0.001526
-0.741018	0.549108	0.054688	0.002991
-0.752527	0.566297	0.039062	0.001526
-0.746951	0.557936	0.015625	0.000244
-0.742423	0.551192	0.015625	0.000244
-0.754914	0.569896	0.085938	0.007385
-0.749429	0.561644	0.140625	0.019775
-0.743869	0.553341	0.039062	0.001526
-0.752318	0.565983	0.046875	0.002197
-0.752234	0.565856	0.046875	0.002197
-0.734439	0.539401	0.054688	0.002991
-0.733477	0.537989	0.070312	0.004944
-0.742290	0.550995	0.015625	0.000244
-0.749962	0.562443	0.070312	0.004944
-0.755461	0.570721	0.039062	0.001526
-0.739027	0.546161	0.000000	0.000000
-0.749167	0.561251	0.046875	0.002197
-0.756075	0.571650	0.015625	0.000244
-0.743356	0.552578	0.046875	0.002197
-0.732990	0.537274	0.023438	0.000549
-0.754410	0.569135	0.085938	0.007385
-0.742574	0.551416	0.000000	0.000000
-0.735071	0.540329	0.070312	0.004944
-0.740746	0.548705	0.054688	0.002991
-0.742002	0.550567	0.039062	0.001526
-0.759334	0.576588	0.046875	0.002197
-0.751233	0.564351	0.031250	0.000977
-0.741534	0.549873	0.085938	0.007385
-0.737242	0.543526	0.015625	0.000244
-0.749437	0.561656	0.078125	0.006104
-0.768669	0.590852	0.015625	0.000244
-0.777062	0.603825	0.031250	0.000977
-0.752634	0.566458	0.031250	0.000977
-0.745927	0.556407	0.046875	0.002197
-0.748241	0.559864	0.070312	0.004944
-0.742688	0.551585	0.046875	0.002197
-0.743649	0.553013	0.054688	0.002991
-0.746980	0.557979	0.015625	0.000244
-0.737728	0.544242	0.039062	0.001526
-0.749053	0.561081	0.046875	0.002197
-0.753499	0.567761	0.054688	0.002991
-0.754126	0.568705	0.015625	0.000244
-0.742016	0.550588	0.093750	0.008789
-0.748911	0.560868	0.062500	0.003906
-0.742162	0.550805	0.015625	0.000244
-0.750363	0.563045	0.023438	0.000549
-0.736184	0.541966	0.007812	0.000061
-0.740106	0.547756	0.015625	0.000244
-0.731646	0.535305	0.062500	0.003906
-0.736542	0.542494	0.078125	0.006104
-0.745020	0.555055	0.031250	0.000977
-0.750758	0.563637	0.125000	0.015625
-0.739329	0.546608	0.031250	0.000977
-0.748954	0.560932	0.039062	0.001526
-0.746188	0.556797	0.085938	0.007385
-0.745980	0.556486	0.007812	0.000061
-0.746921	0.557891	0.015625	0.000244
-0.744098	0.553682	0.062500	0.003906
-0.746380	0.557083	0.101562	0.010315
-0.740851	0.548861	0.015625	0.000244
-0.736852	0.542951	0.070312	0.004944
-0.738956	0.546056	0.062500	0.003906
-0.750827	0.563741	0.093750	0.008789
-0.758895	0.575922	0.054688	0.002991
-0.749109	0.561164	0.054688	0.002991
-0.754219	0.568846	0.015625	0.000244
-0.741484	0.549798	0.007812	0.000061
-0.737999	0.544643	0.132812	0.017639
-0.750133	0.562700	0.039062	0.001526
-0.750824	0.563737	0.046875	0.002197
-0.747090	0.558144	0.015625	0.000244
-0.743861	0.553329	0.109375	0.011963
-0.735198	0.540516	0.078125	0.006104
-0.744873	0.554836	0.007812	0.000061
-0.732888	0.537125	0.023438	0.000549
-0.732251	0.536192	0.031250	0.000977
-0.753870	0.568319	0.023438	0.000549
-0.727657	0.529484	0.031250	0.000977
-0.743781	0.553210	0.109375	0.011963
-0.751701	0.565055	0.023438	0.000549
-0.732226	0.536154	0.007812	0.000061
-0.748249	0.559877	0.117188	0.013733
-0.766958	0.588225	0.078125	0.006104
-0.749334	0.561502	0.031250	0.000977
-0.750811	0.563717	0.062500	0.003906
-0.747170	0.558263	0.007812	0.000061
-0.773421	0.598181	0.023438	0.000549
-0.759323	0.576571	0.062500	0.003906
-0.725535	0.526402	0.007812	0.000061
-0.749102	0.561153	0.062500	0.003906
-0.760465	0.578307	0.015625	0.000244
-0.753254	0.567391	0.078125	0.006104
-0.740540	0.548399	0.070312	0.004944
-0.749354	0.561531	0.070312	0.004944
-0.737872	0.544454	0.015625	0.000244
-0.755468	0.570732	0.054688	0.002991
-0.757623	0.573992	0.000000	0.000000
-0.751088	0.564134	0.000000	0.000000
-0.735408	0.540824	0.007812	0.000061
-0.738573	0.545491	0.031250	0.000977
-0.760105	0.577759	0.039062	0.001526
-0.739701	0.547158	0.070312	0.004944
-0.742547	0.551376	0.007812	0.000061
-0.736031	0.541742	0.070312	0.004944
-0.746828	0.557751	0.054688	0.002991
-0.735764	0.541349	0.046875	0.002197
-0.755311	0.570495	0.007812	0.000061
-0.754265	0.568916	0.046875	0.002197
-0.753116	0.567184	0.007812	0.000061
-0.751882	0.565327	0.062500	0.003906
-0.744977	0.554990	0.085938	0.007385
-0.746556	0.557346	0.039062	0.001526
-0.739506	0.546869	0.031250	0.000977
-0.756045	0.571605	0.039062	0.001526
-0.738365	0.545183	0.015625	0.000244
-0.743115	0.552221	0.039062	0.001526
-0.737399	0.543758	0.015625	0.000244
-0.742636	0.551509	0.085938	0.007385
-0.737375	0.543722	0.039062	0.001526
-0.750136	0.562703	0.039062	0.001526
-0.736781	0.542846	0.054688	0.002991
-0.753853	0.568294	0.031250	0.000977
-0.751214	0.564323	0.023438	0.000549
-0.740091	0.547735	0.085938	0.007385
-0.736271	0.542095	0.031250	0.000977
-0.737623	0.544088	0.062500	0.003906
-0.761903	0.580496	0.023438	0.000549
-0.746245	0.556881	0.039062	0.001526
-0.736464	0.542380	0.007812	0.000061
-0.734752	0.539861	0.062500	0.003906
-0.756239	0.571898	0.062500	0.003906
-0.748415	0.560125	0.109375	0.011963
-0.728280	0.530392	0.031250	0.000977
-0.745376	0.555585	0.015625	0.000244
-0.738573	0.545490	0.023438	0.000549
-0.729187	0.531714	0.015625	0.000244
-0.740702	0.548639	0.203125	0.041260
-0.734194	0.539041	0.015625	0.000244
-0.752550	0.566331	0.062500	0.003906
-0.744796	0.554722	0.070312	0.004944
-0.743309	0.552509	0.070312	0.004944
-0.745800	0.556217	0.015625	0.000244
-0.744474	0.554242	0.078125	0.006104
-0.752420	0.566136	0.023438	0.000549
-0.740535	0.548392	0.062500	0.003906
-0.729139	0.531643	0.132812	0.017639
-0.752224	0.565841	0.140625	0.019775
-0.756192	0.571827	0.070312	0.004944
-0.728968	0.531394	0.070312	0.004944
-0.746335	0.557015	0.070312	0.004944
-0.745808	0.556230	0.039062	0.001526
-0.738711	0.545694	0.078125	0.006104
-0.750280	0.562919	0.054688	0.002991
-0.742273	0.550969	0.062500	0.003906
-0.729942	0.532815	0.039062	0.001526
-0.735078	0.540340	0.054688	0.002991
-0.747731	0.559102	0.140625	0.019775
-0.758477	0.575288	0.062500	0.003906
-0.733675	0.538279	0.023438	0.000549
-0.748857	0.560787	0.062500	0.003906
-0.733957	0.538693	0.046875	0.002197
-0.764110	0.583864	0.023438	0.000549
-0.749596	0.561894	0.039062	0.001526
-0.735562	0.541052	0.070312	0.004944
-0.738628	0.545572	0.007812	0.000061
-0.753506	0.567771	0.046875	0.002197
-0.752053	0.565584	0.015625	0.000244
-0.747742	0.559119	0.000000	0.000000
-0.723371	0.523265	0.210938	0.044495
-0.740768	0.548737	0.007812	0.000061
-0.771255	0.594835	0.039062	0.001526
-0.751661	0.564995	0.148438	0.022034
-0.736470	0.542389	0.054688	0.002991
-0.736020	0.541726	0.015625	0.000244
-0.763161	0.582415	0.039062	0.001526
-0.742181	0.550833	0.070312	0.004944
-0.736216	0.542015	0.000000	0.000000
-0.737983	0.544619	0.039062	0.001526
-0.743950	0.553461	0.039062	0.001526
-0.747921	0.559387	0.085938	0.007385
-0.753537	0.567819	0.031250	0.000977
-0.737006	0.543178	0.085938	0.007385
-0.762036	0.580698	0.062500	0.003906
-0.748020	0.559533	0.062500	0.003906
-0.740576	0.548453	0.078125	0.006104
-0.737405	0.543766	0.039062	0.001526
-0.737561	0.543996	0.015625	0.000244
-0.741524	0.549857	0.078125	0.006104
-0.741234	0.549428	0.007812	0.000061
-0.731742	0.535446	0.023438	0.000549
-0.740693	0.548626	0.062500	0.003906
-0.756158	0.571774	0.000000	0.000000
-0.754193	0.568807	0.062500	0.003906
-0.764391	0.584294	0.023438	0.000549
-0.738915	0.545996	0.054688	0.002991
-0.742379	0.551126	0.039062	0.001526
-0.758474	0.575284	0.000000	0.000000
-0.741325	0.549563	0.046875	0.002197
-0.744861	0.554817	0.023438	0.000549
-0.740915	0.548954	0.000000	0.000000
-0.751660	0.564993	0.132812	0.017639
-0.737088	0.543299	0.046875	0.002197
-0.737960	0.544584	0.000000	0.000000
-0.747866	0.559304	0.093750	0.008789
-0.741463	0.549767	0.109375	0.011963
-0.732351	0.536338	0.101562	0.010315
-0.763106	0.582331	0.085938	0.007385
-0.748273	0.559912	0.062500	0.003906
-0.756983	0.573023	0.062500	0.003906
-0.737638	0.544109	0.007812	0.000061
-0.758902	0.575932	0.046875	0.002197
-0.741908	0.550427	0.039062	0.001526
-0.744602	0.554433	0.007812	0.000061
-0.740488	0.548323	0.039062	0.001526
-0.742767	0.551703	0.015625	0.000244
-0.749005	0.561008	0.109375	0.011963
-0.758101	0.574718	0.085938	0.007385
-0.748957	0.560937	0.078125	0.006104
-0.747473	0.558716	0.007812	0.000061
-0.751300	0.564452	0.023438	0.000549
-0.749097	0.561146	0.156250	0.024414
-0.764423	0.584342	0.039062	0.001526
-0.752443	0.566170	0.093750	0.008789
-0.739951	0.547528	0.093750	0.008789
-0.742278	0.550977	0.023438	0.000549
-0.739764	0.547250	0.156250	0.024414
-0.741667	0.550070	0.007812	0.000061
-0.747047	0.558079	0.023438	0.000549
-0.757774	0.574222	0.054688	0.002991
-0.756638	0.572501	0.015625	0.000244
-0.746717	0.557586	0.085938	0.007385
-0.761778	0.580305	0.054688	0.002991
-0.736405	0.542292	0.093750	0.008789
-0.745179	0.555291	0.109375	0.011963
-0.747655	0.558987	0.132812	0.017639
-0.745931	0.556413	0.031250	0.000977
-0.751434	0.564654	0.070312	0.004944
-0.732745	0.536915	0.023438	0.000549
-0.755267	0.570428	0.015625	0.000244
-0.734634	0.539687	0.023438	0.000549
-0.727293	0.528955	0.015625	0.000244
-0.763339	0.582686	0.007812	0.000061
-0.734526	0.539529	0.007812	0.000061
-0.742694	0.551595	0.078125	0.006104
-0.740775	0.548748	0.062500	0.003906
-0.745767	0.556169	0.062500	0.003906
-0.739840	0.547363	0.015625	0.000244
-0.732430	0.536454	0.000000	0.000000
-0.733094	0.537427	0.015625	0.000244
-0.756832	0.572794	0.062500	0.003906
-0.732660	0.536790	0.054688	0.002991
-0.744373	0.554091	0.062500	0.003906
-0.738621	0.545561	0.007812	0.000061
-0.740678	0.548603	0.062500	0.003906
-0.744756	0.554661	0.007812	0.000061
-0.753097	0.567155	0.171875	0.029541
-0.729923	0.532787	0.085938	0.007385
-0.752971	0.566965	0.023438	0.000549
-0.756539	0.572352	0.039062	0.001526
-0.728644	0.530922	0.023438	0.000549
-0.755512	0.570799	0.007812	0.000061
-0.750638	0.563458	0.046875	0.002197
-0.743590	0.552926	0.007812	0.000061
-0.748898	0.560848	0.023438	0.000549
-0.748983	0.560976	0.070312	0.004944
-0.736985	0.543146	0.023438	0.000549
-0.743209	0.552360	0.109375	0.011963
-0.745410	0.555636	0.195312	0.038147
-0.726912	0.528401	0.000000	0.000000
-0.762286	0.581080	0.085938	0.007385
-0.735869	0.541503	0.023438	0.000549
-0.749836	0.562255	0.023438	0.000549
-0.753826	0.568254	0.093750	0.008789
-0.766912	0.588154	0.007812	0.000061
-0.745795	0.556210	0.078125	0.006104
-0.736241	0.542051	0.054688	0.002991
-0.768778	0.591019	0.062500	0.003906
-0.756700	0.572596	0.054688	0.002991
-0.743669	0.553043	0.023438	0.000549
-0.736953	0.543100	0.015625	0.000244
-0.762958	0.582105	0.046875	0.002197
-0.744551	0.554356	0.085938	0.007385
-0.747781	0.559177	0.046875	0.002197
-0.736203	0.541995	0.046875	0.002197
-0.747777	0.559171	0.078125	0.006104
-0.749955	0.562433	0.039062	0.001526
-0.745091	0.555160	0.046875	0.002197
-0.727236	0.528872	0.054688	0.002991
-0.737913	0.544515	0.070312	0.004944
-0.735697	0.541250	0.054688	0.002991
-0.755284	0.570454	0.054688	0.002991
-0.743858	0.553325	0.039062	0.001526
-0.736068	0.541796	0.015625	0.000244
-0.729729	0.532504	0.062500	0.003906
-0.753464	0.567709	0.140625	0.019775
-0.751121	0.564183	0.085938	0.007385
-0.756160	0.571777	0.046875	0.002197
-0.753526	0.567801	0.132812	0.017639
-0.751782	0.565176	0.148438	0.022034
-0.740741	0.548697	0.117188	0.013733
-0.738500	0.545383	0.101562	0.010315
-0.750881	0.563823	0.039062	0.001526
-0.748689	0.560534	0.023438	0.000549
-0.748922	0.560884	0.070312	0.004944
-0.747052	0.558086	0.023438	0.000549
-0.736545	0.542499	0.000000	0.000000
-0.745164	0.555270	0.062500	0.003906
-0.741440	0.549734	0.007812	0.000061
-0.752201	0.565807	0.039062	0.001526
-0.763065	0.582268	0.078125	0.006104
-0.737065	0.543264	0.062500	0.003906
-0.748978	0.560968	0.078125	0.006104
-0.736929	0.543064	0.015625	0.000244
-0.738321	0.545118	0.093750	0.008789
-0.742711	0.551620	0.007812	0.000061
-0.757553	0.573886	0.078125	0.006104
-0.755688	0.571065	0.007812	0.000061
-0.747582	0.558879	0.007812	0.000061
-0.728195	0.530268	0.054688	0.002991
-0.770236	0.593264	0.007812	0.000061
-0.748866	0.560800	0.015625	0.000244
-0.754906	0.569884	0.054688	0.002991
-0.740682	0.548610	0.054688	0.002991
-0.737437	0.543814	0.078125	0.006104
-0.742502	0.551310	0.023438	0.000549
-0.757376	0.573618	0.039062	0.001526
-0.740561	0.548430	0.023438	0.000549
-0.740480	0.548310	0.062500	0.003906
-0.736291	0.542124	0.000000	0.000000
-0.741901	0.550417	0.000000	0.000000
-0.755718	0.571110	0.046875	0.002197
-0.757225	0.573390	0.046875	0.002197
-0.734312	0.539214	0.054688	0.002991
-0.752106	0.565664	0.062500	0.003906
-0.729893	0.532744	0.007812	0.000061
-0.732955	0.537222	0.039062	0.001526
-0.745730	0.556114	0.046875	0.002197
-0.749126	0.561190	0.046875	0.002197
-0.738536	0.545435	0.085938	0.007385
-0.737500	0.543907	0.031250	0.000977
-0.744048	0.553607	0.031250	0.000977
-0.744145	0.553752	0.085938	0.007385
-0.752783	0.566682	0.031250	0.000977
-0.747921	0.559386	0.015625	0.000244
-0.754389	0.569102	0.007812	0.000061
-0.738460	0.545323	0.007812	0.000061
-0.733574	0.538131	0.046875	0.002197
-0.751373	0.564561	0.093750	0.008789
-0.748862	0.560794	0.039062	0.001526
-0.737439	0.543817	0.070312	0.004944
-0.740559	0.548427	0.031250	0.000977
-0.769915	0.592770	0.062500	0.003906
-0.726985	0.528507	0.007812	0.000061
-0.746656	0.557495	0.078125	0.006104
-0.742760	0.551692	0.007812	0.000061
-0.722640	0.522208	0.078125	0.006104
-0.758678	0.575593	0.109375	0.011963
-0.746532	0.557311	0.007812	0.000061
-0.738012	0.544662	0.070312	0.004944
-0.752998	0.567006	0.125000	0.015625
-0.742212	0.550878	0.039062	0.001526
-0.728609	0.530872	0.070312	0.004944
-0.752735	0.566610	0.054688	0.002991
-0.745988	0.556498	0.078125	0.006104
-0.741425	0.549710	0.070312	0.004944
-0.741939	0.550474	0.070312	0.004944
-0.734309	0.539210	0.140625	0.019775
-0.755098	0.570173	0.062500	0.003906
-0.747822	0.559238	0.039062	0.001526
-0.740827	0.548825	0.023438	0.000549
-0.742898	0.551897	0.031250	0.000977
-0.744383	0.554106	0.023438	0.000549
-0.738118	0.544818	0.031250	0.000977
-0.756761	0.572687	0.132812	0.017639
-0.740613	0.548508	0.070312	0.004944
-0.737051	0.543244	0.062500	0.003906
-0.745943	0.556431	0.023438	0.000549
-0.769129	0.591559	0.039062	0.001526
-0.738986	0.546101	0.031250	0.000977
-0.746526	0.557300	0.046875	0.002197
-0.750359	0.563038	0.062500	0.003906
-0.745195	0.555315	0.125000	0.015625
-0.725479	0.526320	0.015625	0.000244
-0.740097	0.547744	0.117188	0.013733
-0.737461	0.543849	0.023438	0.000549
-0.743086	0.552177	0.054688	0.002991
-0.747195	0.558300	0.054688	0.002991
-0.752564	0.566353	0.039062	0.001526
-0.749341	0.561511	0.039062	0.001526
-0.736603	0.542584	0.054688	0.002991
-0.754659	0.569510	0.015625	0.000244
-0.741454	0.549753	0.023438	0.000549
-0.771623	0.595402	0.187500	0.035156
-0.754183	0.568792	0.093750	0.008789
-0.734856	0.540014	0.070312	0.004944
-0.741968	0.550517	0.007812	0.000061
-0.744521	0.554311	0.007812	0.000061
-0.740082	0.547721	0.007812	0.000061
-0.745808	0.556230	0.078125	0.006104
-0.739665	0.547104	0.015625	0.000244
-0.735033	0.540274	0.054688	0.002991
-0.749150	0.561225	0.039062	0.001526
-0.741393	0.549663	0.000000	0.000000
-0.761436	0.579785	0.093750	0.008789
-0.759022	0.576115	0.000000	0.000000
-0.733069	0.537390	0.125000	0.015625
-0.758351	0.575096	0.031250	0.000977
-0.742579	0.551424	0.101562	0.010315
-0.743213	0.552365	0.007812	0.000061
-0.751820	0.565233	0.007812	0.000061
-0.749750	0.562125	0.023438	0.000549
-0.747115	0.558181	0.031250	0.000977
-0.758578	0.575440	0.007812	0.000061
-0.751711	0.565070	0.054688	0.002991
-0.754227	0.568858	0.054688	0.002991
-0.756107	0.571697	0.000000	0.000000
-0.732312	0.536281	0.054688	0.002991
-0.737744	0.544266	0.007812	0.000061
-0.739173	0.546377	0.039062	0.001526
-0.760971	0.579077	0.148438	0.022034
-0.733558	0.538107	0.156250	0.024414
-0.728495	0.530706	0.078125	0.006104
-0.742340	0.551069	0.093750	0.008789
-0.741719	0.550147	0.062500	0.003906
-0.736124	0.541879	0.031250	0.000977
-0.747908	0.559366	0.023438	0.000549
-0.739041	0.546182	0.015625	0.000244
-0.757911	0.574429	0.093750	0.008789
-0.753256	0.567395	0.070312	0.004944
-0.727133	0.528723	0.007812	0.000061
-0.741140	0.549288	0.054688	0.002991
-0.748680	0.560521	0.031250	0.000977
-0.746513	0.557282	0.031250	0.000977
-0.732708	0.536861	0.007812	0.000061
-0.753465	0.567709	0.117188	0.013733
-0.742906	0.551909	0.156250	0.024414
-0.755448	0.570702	0.023438	0.000549
-0.741829	0.550310	0.007812	0.000061
-0.737949	0.544569	0.046875	0.002197
-0.733436	0.537928	0.164062	0.026917
-0.735167	0.540471	0.062500	0.003906
-0.750661	0.563493	0.054688	0.002991
-0.743302	0.552499	0.007812	0.000061
-0.744411	0.554148	0.054688	0.002991
-0.751298	0.564448	0.070312	0.004944
-0.762857	0.581951	0.109375	0.011963
-0.730848	0.534139	0.054688	0.002991
-0.759033	0.576130	0.070312	0.004944
-0.758246	0.574937	0.015625	0.000244
-0.751811	0.565219	0.007812	0.000061
-0.746721	0.557593	0.015625	0.000244
-0.752129	0.565698	0.054688	0.002991
-0.742514	0.551327	0.054688	0.002991
-0.739978	0.547567	0.046875	0.002197
-0.759866	0.577397	0.039062	0.001526
-0.755050	0.570101	0.031250	0.000977
-0.732645	0.536768	0.054688	0.002991
-0.747259	0.558396	0.000000	0.000000
-0.740291	0.548031	0.062500	0.003906
-0.747339	0.558516	0.039062	0.001526
-0.740761	0.548727	0.015625	0.000244
-0.738142	0.544854	0.078125	0.006104
-0.744194	0.553824	0.031250	0.000977
-0.760968	0.579072	0.015625	0.000244
-0.727514	0.529276	0.023438	0.000549
-0.750749	0.563624	0.015625	0.000244
-0.753175	0.567273	0.007812	0.000061
-0.746180	0.556785	0.046875	0.002197
-0.751237	0.564357	0.132812	0.017639
-0.741082	0.549203	0.039062	0.001526
-0.744484	0.554256	0.007812	0.000061
-0.762284	0.581076	0.140625	0.019775
-0.748563	0.560347	0.039062	0.001526
-0.746304	0.556970	0.109375	0.011963
-0.766812	0.588000	0.101562	0.010315
-0.755327	0.570519	0.085938	0.007385
-0.759430	0.576733	0.093750	0.008789
-0.744950	0.554951	0.007812	0.000061
-0.734744	0.539849	0.000000	0.000000
-0.746232	0.556863	0.078125	0.006104
-0.734390	0.539328	0.062500	0.003906
-0.734022	0.538788	0.023438	0.000549
-0.747797	0.559201	0.148438	0.022034
-0.738404	0.545240	0.062500	0.003906
-0.737675	0.544165	0.023438	0.000549
-0.746736	0.557615	0.039062	0.001526
-0.731046	0.534429	0.015625	0.000244
-0.734809	0.539945	0.015625	0.000244
-0.741958	0.550501	0.031250	0.000977
-0.739783	0.547279	0.039062	0.001526
-0.725870	0.526887	0.015625	0.000244
-0.762616	0.581583	0.054688	0.002991
-0.762163	0.580892	0.171875	0.029541
-0.745682	0.556041	0.039062	0.001526
-0.721745	0.520915	0.070312	0.004944
-0.746806	0.557720	0.046875	0.002197
-0.748251	0.559880	0.078125	0.006104
-0.726513	0.527821	0.046875	0.002197
-0.756587	0.572423	0.000000	0.000000
-0.737535	0.543957	0.078125	0.006104
-0.738793	0.545815	0.046875	0.002197
-0.744612	0.554447	0.015625	0.000244
-0.742417	0.551184	0.085938	0.007385
-0.746367	0.557063	0.085938	0.007385
-0.761204	0.579431	0.031250	0.000977
-0.731558	0.535177	0.000000	0.000000
-0.747261	0.558399	0.078125	0.006104
-0.741850	0.550341	0.023438	0.000549
-0.737862	0.544440	0.031250	0.000977
-0.734413	0.539362	0.031250	0.000977
-0.743256	0.552430	0.078125	0.006104
-0.732490	0.536541	0.007812	0.000061
-0.736566	0.542529	0.039062	0.001526
-0.740971	0.549038	0.000000	0.000000
-0.756414	0.572161	0.015625	0.000244
-0.737007	0.543179	0.046875	0.002197
-0.736404	0.542291	0.046875	0.002197
-0.753833	0.568265	0.054688	0.002991
-0.755858	0.571321	0.078125	0.006104
-0.741320	0.549555	0.062500	0.003906
-0.738836	0.545878	0.101562	0.010315
-0.733919	0.538638	0.039062	0.001526
-0.734970	0.540181	0.007812	0.000061
-0.732737	0.536903	0.023438	0.000549
-0.757509	0.573820	0.015625	0.000244
-0.768086	0.589956	0.156250	0.024414
-0.743762	0.553183	0.015625	0.000244
-0.736461	0.542374	0.109375	0.011963
-0.748670	0.560507	0.171875	0.029541
-0.734784	0.539908	0.093750	0.008789
-0.740624	0.548524	0.046875	0.002197
-0.755523	0.570816	0.039062	0.001526
-0.756962	0.572992	0.023438	0.000549
-0.758012	0.574582	0.015625	0.000244
-0.738645	0.545597	0.007812	0.000061
-0.743509	0.552806	0.007812	0.000061
-0.738436	0.545288	0.117188	0.013733
-0.744632	0.554476	0.078125	0.006104
-0.731954	0.535757	0.125000	0.015625
-0.742294	0.551000	0.171875	0.029541
-0.745472	0.555728	0.031250	0.000977
-0.732069	0.535924	0.015625	0.000244
-0.739680	0.547126	0.007812	0.000061
-0.757946	0.574482	0.023438	0.000549
-0.738428	0.545275	0.023438	0.000549
-0.730385	0.533462	0.039062	0.001526
-0.746972	0.557967	0.054688	0.002991
-0.750447	0.563171	0.054688	0.002991
-0.755373	0.570588	0.109375	0.011963
-0.743324	0.552531	0.101562	0.010315
-0.749749	0.562123	0.015625	0.000244
-0.746266	0.556912	0.039062	0.001526
-0.738074	0.544753	0.023438	0.000549
-0.737715	0.544223	0.015625	0.000244
-0.750936	0.563905	0.007812	0.000061
-0.734899	0.540076	0.039062	0.001526
-0.735711	0.541271	0.039062	0.001526
-0.751008	0.564013	0.093750	0.008789
-0.729055	0.531521	0.101562	0.010315
-0.745586	0.555898	0.109375	0.011963
-0.735333	0.540714	0.031250	0.000977
-0.753906	0.568375	0.070312	0.004944
-0.761687	0.580168	0.023438	0.000549
-0.754218	0.568845	0.000000	0.000000
-0.745927	0.556407	0.015625	0.000244
-0.738844	0.545891	0.046875	0.002197
-0.737096	0.543310	0.023438	0.000549
-0.739917	0.547478	0.054688	0.002991
-0.739549	0.546933	0.015625	0.000244
-0.747857	0.559290	0.046875	0.002197
-0.743558	0.552879	0.070312	0.004944
-0.732794	0.536987	0.039062	0.001526
-0.731531	0.535137	0.070312	0.004944
-0.742933	0.551949	0.109375	0.011963
-0.738843	0.545889	0.031250	0.000977
-0.741914	0.550436	0.015625	0.000244
-0.727379	0.529081	0.031250	0.000977
-0.755849	0.571308	0.015625	0.000244
-0.732364	0.536357	0.023438	0.000549
-0.734502	0.539493	0.000000	0.000000
-0.742002	0.550568	0.117188	0.013733
-0.737392	0.543747	0.156250	0.024414
-0.735459	0.540899	0.015625	0.000244
-0.749089	0.561135	0.109375	0.011963
-0.736569	0.542534	0.148438	0.022034
-0.747576	0.558870	0.093750	0.008789
-0.744521	0.554311	0.054688	0.002991
-0.752855	0.566791	0.093750	0.008789
-0.731479	0.535062	0.117188	0.013733
-0.752299	0.565953	0.070312	0.004944
-0.743109	0.552211	0.062500	0.003906
-0.747154	0.558240	0.007812	0.000061
-0.749102	0.561154	0.085938	0.007385
-0.734646	0.539705	0.015625	0.000244
-0.754304	0.568974	0.000000	0.000000
-0.737894	0.544487	0.031250	0.000977
-0.740611	0.548504	0.054688	0.002991
-0.761191	0.579411	0.015625	0.000244
-0.742252	0.550938	0.125000	0.015625
-0.749986	0.562479	0.085938	0.007385
-0.745310	0.555487	0.117188	0.013733
-0.741285	0.549504	0.101562	0.010315
-0.741941	0.550476	0.078125	0.006104
-0.738803	0.545829	0.023438	0.000549
-0.736010	0.541710	0.039062	0.001526
-0.750335	0.563002	0.039062	0.001526
-0.745251	0.555399	0.007812	0.000061
-0.743695	0.553082	0.015625	0.000244
-0.732739	0.536907	0.117188	0.013733
-0.749159	0.561239	0.015625	0.000244
-0.765605	0.586150	0.023438	0.000549
-0.740107	0.547758	0.015625	0.000244
-0.757572	0.573915	0.062500	0.003906
-0.758218	0.574895	0.023438	0.000549
-0.741184	0.549353	0.093750	0.008789
-0.756000	0.571536	0.054688	0.002991
-0.748350	0.560028	0.007812	0.000061
-0.745335	0.555525	0.015625	0.000244
-0.746291	0.556951	0.007812	0.000061
-0.737064	0.543263	0.054688	0.002991
-0.737927	0.544536	0.054688	0.002991
-0.740411	0.548208	0.031250	0.000977
-0.739582	0.546982	0.085938	0.007385
-0.756290	0.571974	0.054688	0.002991
-0.763806	0.583400	0.062500	0.003906
-0.740912	0.548951	0.007812	0.000061
-0.743286	0.552475	0.054688	0.002991
-0.751595	0.564896	0.039062	0.001526
-0.738955	0.546054	0.062500	0.003906
-0.735294	0.540658	0.023438	0.000549
-0.743402	0.552646	0.109375	0.011963
-0.754038	0.568573	0.007812	0.000061
-0.754273	0.568928	0.015625	0.000244
-0.757884	0.574389	0.007812	0.000061
-0.744141	0.553746	0.039062	0.001526
-0.763857	0.583477	0.031250	0.000977
-0.750417	0.563125	0.093750	0.008789
-0.741433	0.549723	0.109375	0.011963
-0.749003	0.561005	0.054688	0.002991
-0.763169	0.582426	0.054688	0.002991
-0.740060	0.547689	0.093750	0.008789
-0.758827	0.575818	0.078125	0.006104
-0.733873	0.538569	0.117188	0.013733
-0.739204	0.546423	0.062500	0.003906
-0.729689	0.532446	0.046875	0.002197
-0.749834	0.562250	0.007812	0.000061
-0.759604	0.576998	0.023438	0.000549
-0.741041	0.549141	0.054688	0.002991
-0.752088	0.565636	0.023438	0.000549
-0.739311	0.546580	0.023438	0.000549
-0.744707	0.554589	0.125000	0.015625
-0.745613	0.555939	0.101562	0.010315
-0.750595	0.563392	0.054688	0.002991
-0.749059	0.561089	0.023438	0.000549
-0.746396	0.557108	0.031250	0.000977
-0.733370	0.537832	0.031250	0.000977
-0.770836	0.594188	0.015625	0.000244
-0.754927	0.569915	0.054688	0.002991
-0.733420	0.537905	0.054688	0.002991
-0.758286	0.574997	0.015625	0.000244
-0.746698	0.557557	0.101562	0.010315
-0.737697	0.544197	0.062500	0.003906
-0.742333	0.551058	0.062500	0.003906
-0.740659	0.548576	0.117188	0.013733
-0.740435	0.548244	0.117188	0.013733
-0.753493	0.567752	0.031250	0.000977
-0.746147	0.556735	0.023438	0.000549
-0.746012	0.556534	0.039062	0.001526
-0.744575	0.554393	0.023438	0.000549
-0.752845	0.566775	0.015625	0.000244
-0.744307	0.553992	0.039062	0.001526
-0.743195	0.552339	0.054688	0.002991
-0.748777	0.560667	0.039062	0.001526
-0.739083	0.546244	0.007812	0.000061
-0.734577	0.539603	0.015625	0.000244
-0.752081	0.565626	0.007812	0.000061
-0.751198	0.564298	0.007812	0.000061
-0.729419	0.532052	0.046875	0.002197
-0.742204	0.550867	0.093750	0.008789
-0.744807	0.554738	0.023438	0.000549
-0.747217	0.558333	0.187500	0.035156
-0.744192	0.553822	0.164062	0.026917
-0.736639	0.542636	0.093750	0.008789
-0.738053	0.544722	0.062500	0.003906
-0.740321	0.548075	0.109375	0.011963
-0.752048	0.565577	0.031250	0.000977
-0.764267	0.584103	0.039062	0.001526
-0.727272	0.528925	0.000000	0.000000
-0.742137	0.550767	0.039062	0.001526
-0.737252	0.543540	0.039062	0.001526
-0.764340	0.584215	0.101562	0.010315
-0.744582	0.554402	0.039062	0.001526
-0.738098	0.544788	0.093750	0.008789
-0.749826	0.562238	0.039062	0.001526
-0.738427	0.545275	0.093750	0.008789
-0.740921	0.548964	0.007812	0.000061
-0.747468	0.558709	0.117188	0.013733
-0.742250	0.550936	0.039062	0.001526
-0.753723	0.568098	0.062500	0.003906
-0.747041	0.558070	0.046875	0.002197
-0.742218	0.550888	0.070312	0.004944
-0.740686	0.548616	0.046875	0.002197
-0.748259	0.559891	0.070312	0.004944
-0.769204	0.591675	0.023438	0.000549
-0.736743	0.542791	0.031250	0.000977
-0.747588	0.558887	0.093750	0.008789
-0.750515	0.563272	0.015625	0.000244
-0.745621	0.555950	0.039062	0.001526
-0.750450	0.563175	0.015625	0.000244
-0.761584	0.580010	0.054688	0.002991
-0.748292	0.559941	0.046875	0.002197
-0.762449	0.581329	0.023438	0.000549
-0.737214	0.543484	0.031250	0.000977
-0.751936	0.565408	0.023438	0.000549
-0.765262	0.585627	0.046875	0.002197
-0.750203	0.562804	0.015625	0.000244
-0.743441	0.552704	0.070312	0.004944
-0.764339	0.584215	0.101562	0.010315
-0.742218	0.550888	0.046875	0.002197
-0.760391	0.578195	0.164062	0.026917
-0.758124	0.574752	0.039062	0.001526
-0.739440	0.546772	0.023438	0.000549
-0.745627	0.555960	0.054688	0.002991
-0.740503	0.548345	0.039062	0.001526
-0.754475	0.569232	0.007812	0.000061
-0.756685	0.572572	0.078125	0.006104
-0.752424	0.566142	0.054688	0.002991
-0.755811	0.571250	0.000000	0.000000
-0.753815	0.568237	0.132812	0.017639
-0.754071	0.568623	0.031250	0.000977
-0.759064	0.576178	0.054688	0.002991
-0.733588	0.538152	0.039062	0.001526
-0.754040	0.568577	0.101562	0.010315
-0.751481	0.564724	0.039062	0.001526
-0.746936	0.557914	0.054688	0.002991
-0.740443	0.548256	0.031250	0.000977
-0.742556	0.551389	0.078125	0.006104
-0.748393	0.560091	0.031250	0.000977
-0.735593	0.541098	0.062500	0.003906
-0.744916	0.554901	0.156250	0.024414
-0.754016	0.568540	0.093750	0.008789
-0.748336	0.560007	0.093750	0.008789
-0.745349	0.555546	0.031250	0.000977
-0.761274	0.579538	0.007812	0.000061
-0.730425	0.533521	0.085938	0.007385
-0.751992	0.565492	0.031250	0.000977
-0.769799	0.592591	0.054688	0.002991
-0.747071	0.558116	0.031250	0.000977
-0.732166	0.536066	0.062500	0.003906
-0.744552	0.554358	0.046875	0.002197
-0.745835	0.556271	0.039062	0.001526
-0.732024	0.535859	0.046875	0.002197
-0.735109	0.540385	0.007812	0.000061
-0.736248	0.542062	0.125000	0.015625
-0.739070	0.546224	0.054688	0.002991
-0.737542	0.543968	0.000000	0.000000
-0.747615	0.558929	0.023438	0.000549
-0.745394	0.555613	0.039062	0.001526
-0.758307	0.575030	0.093750	0.008789
-0.744341	0.554044	0.000000	0.000000
-0.739453	0.546791	0.070312	0.004944
-0.746196	0.556809	0.070312	0.004944
-0.733429	0.537918	0.015625	0.000244
-0.746862	0.557803	0.031250	0.000977
-0.739158	0.546355	0.062500	0.003906
-0.746079	0.556634	0.039062	0.001526
-0.740013	0.547619	0.039062	0.001526
-0.748914	0.560873	0.007812	0.000061
-0.743264	0.552441	0.031250	0.000977
-0.754224	0.568854	0.007812	0.000061
-0.743165	0.552294	0.023438	0.000549
-0.750415	0.563123	0.007812	0.000061
-0.755244	0.570393	0.007812	0.000061
-0.731542	0.535153	0.023438	0.000549
-0.753829	0.568259	0.070312	0.004944
-0.748780	0.560671	0.031250	0.000977
-0.749422	0.561633	0.007812	0.000061
-0.738475	0.545345	0.046875	0.002197
-0.754362	0.569063	0.015625	0.000244
-0.764535	0.584513	0.093750	0.008789
-0.733323	0.537762	0.046875	0.002197
-0.748662	0.560494	0.062500	0.003906
-0.756328	0.572033	0.031250	0.000977
-0.751137	0.564206	0.062500	0.003906
-0.724986	0.525605	0.031250	0.000977
-0.751776	0.565167	0.070312	0.004944
-0.748453	0.560182	0.023438	0.000549
-0.750612	0.563419	0.023438	0.000549
-0.755749	0.571156	0.039062	0.001526
-0.736348	0.542209	0.007812	0.000061
-0.747161	0.558250	0.070312	0.004944
-0.750992	0.563989	0.039062	0.001526
-0.738125	0.544829	0.125000	0.015625
