# Energy	Energy^2	Magnetic	Magnet^2
-0.748244	0.559869	0.046875	0.002197
-0.756507	0.572302	0.058594	0.003433
-0.758912	0.575948	0.031250	0.000977
-0.750908	0.563863	0.015625	0.000244
-0.749346	0.561519	0.011719	0.000137
-0.744852	0.554805	0.042969	0.001846
-0.746971	0.557965	0.058594	0.003433
-0.760417	0.578233	0.085938	0.007385
-0.745075	0.555136	0.007812	0.000061
-0.748950	0.560927	0.019531	0.000381
-0.749050	0.561075	0.046875	0.002197
-0.750297	0.562946	0.050781	0.002579
-0.756776	0.572710	0.031250	0.000977
-0.746672	0.557520	0.011719	0.000137
-0.747838	0.559261	0.046875	0.002197
-0.757753	0.574189	0.023438	0.000549
-0.748682	0.560524	0.003906	0.000015
-0.744166	0.553783	0.031250	0.000977
-0.750983	0.563975	0.023438	0.000549
-0.754944	0.569940	0.023438	0.000549
-0.751342	0.564514	0.007812	0.000061
-0.754306	0.568978	0.003906	0.000015
-0.753063	0.567104	0.007812	0.000061
-0.756595	0.572436	0.085938	0.007385
-0.751903	0.565358	0.011719	0.000137
-0.753407	0.567622	0.078125	0.006104
-0.743897	0.553383	0.011719	0.000137
-0.759071	0.576189	0.019531	0.000381
-0.764510	0.584475	0.085938	0.007385
-0.744695	0.554571	0.042969	0.001846
-0.753610	0.567927	0.070312	0.004944
-0.757708	0.574122	0.015625	0.000244
-0.747372	0.558565	0.035156	0.001236
-0.758394	0.575162	0.003906	0.000015
-0.748914	0.560873	0.003906	0.000015
-0.749869	0.562304	0.042969	0.001846
-0.747466	0.558706	0.007812	0.000061
-0.749442	0.561664	0.039062	0.001526
-0.759107	0.576244	0.015625	0.000244
-0.752445	0.566173	0.031250	0.000977
-0.743624	0.552977	0.023438	0.000549
-0.745143	0.555238	0.050781	0.002579
-0.745684	0.556045	0.007812	0.000061
-0.745215	0.555345	0.007812	0.000061
-0.748771	0.560657	0.011719	0.000137
-0.750203	0.562805	0.019531	0.000381
-0.754441	0.569181	0.085938	0.007385
-0.751818	0.565230	0.011719	0.000137
-0.747494	0.558747	0.089844	0.008072
-0.744632	0.554477	0.027344	0.000748
-0.766712	0.587848	0.050781	0.002579
-0.756904	0.572903	0.007812	0.000061
-0.763707	0.583249	0.027344	0.000748
-0.745763	0.556163	0.050781	0.002579
-0.752590	0.566391	0.007812	0.000061
-0.754045	0.568584	0.054688	0.002991
-0.754763	0.569667	0.035156	0.001236
-0.756175	0.571800	0.027344	0.000748
-0.743836	0.553291	0.011719	0.000137
-0.752610	0.566422	0.019531	0.000381
-0.749513	0.561769	0.019531	0.000381
-0.746386	0.557093	0.078125	0.006104
-0.767748	0.589436	0.027344	0.000748
-0.759880	0.577418	0.054688	0.002991
-0.751986	0.565484	0.011719	0.000137
-0.752644	0.566472	0.031250	0.000977
-0.755313	0.570498	0.019531	0.000381
-0.749794	0.562191	0.046875	0.002197
-0.757850	0.574336	0.046875	0.002197
-0.748278	0.559920	0.074219	0.005508
-0.757680	0.574078	0.027344	0.000748
-0.749246	0.561370	0.019531	0.000381
-0.754419	0.569148	0.023438	0.000549
-0.749704	0.562056	0.035156	0.001236
-0.748249	0.559877	0.007812	0.000061
-0.750684	0.563527	0.066406	0.004410
-0.745067	0.555125	0.046875	0.002197
-0.754411	0.569135	0.007812	0.000061
-0.746881	0.557832	0.066406	0.004410
-0.751412	0.564620	0.027344	0.000748
-0.756280	0.571959	0.046875	0.002197
-0.750721	0.563582	0.054688	0.002991
-0.750196	0.562794	0.078125	0.006104
-0.751803	0.565208	0.027344	0.000748
-0.748596	0.560396	0.003906	0.000015
-0.743237	0.552401	0.039062	0.001526
-0.746807	0.557721	0.058594	0.003433
-0.738498	0.545379	0.011719	0.000137
-0.743298	0.552492	0.015625	0.000244
-0.750191	0.562786	0.011719	0.000137
-0.763316	0.582651	0.027344	0.000748
-0.754698	0.569570	0.007812	0.000061
-0.749531	0.561796	0.027344	0.000748
-0.759918	0.577476	0.054688	0.002991
-0.760896	0.578963	0.050781	0.002579
-0.745099	0.555172	0.023438	0.000549
-0.752149	0.565728	0.027344	0.000748
-0.754955	0.569957	0.019531	0.000381
-0.750512	0.563268	0.035156	0.001236
-0.757193	0.573341	0.027344	0.000748
-0.753346	0.567530	0.015625	0.000244
-0.748735	0.560604	0.031250	0.000977
-0.749378	0.561568	0.000000	0.000000
-0.756430	0.572186	0.066406	0.004410
-0.752103	0.565658	0.039062	0.001526
-0.748005	0.559511	0.042969	0.001846
-0.748009	0.559518	0.000000	0.000000
-0.752262	0.565898	0.003906	0.000015
-0.755165	0.570274	0.042969	0.001846
-0.755806	0.571242	0.015625	0.000244
-0.758700	0.575626	0.019531	0.000381
-0.758826	0.575817	0.019531	0.000381
-0.752857	0.566793	0.019531	0.000381
-0.737715	0.544223	0.039062	0.001526
-0.752968	0.566961	0.035156	0.001236
-0.750526	0.563289	0.078125	0.006104
-0.754590	0.569406	0.015625	0.000244
-0.742853	0.551831	0.058594	0.003433
-0.750005	0.562507	0.007812	0.000061
-0.760706	0.578674	0.101562	0.010315
-0.747942	0.559417	0.003906	0.000015
-0.749583	0.561875	0.035156	0.001236
-0.752289	0.565939	0.074219	0.005508
-0.750112	0.562667	0.058594	0.003433
-0.756552	0.572370	0.003906	0.000015
-0.751221	0.564333	0.003906	0.000015
-0.761810	0.580354	0.003906	0.000015
-0.751442	0.564664	0.011719	0.000137
-0.764037	0.583752	0.003906	0.000015
-0.760825	0.578855	0.046875	0.002197
-0.743991	0.553522	0.039062	0.001526
-0.756127	0.571729	0.042969	0.001846
-0.755817	0.571260	0.050781	0.002579
-0.741194	0.549368	0.015625	0.000244
-0.762701	0.581713	0.070312	0.004944
-0.751049	0.564075	0.003906	0.000015
-0.745808	0.556230	0.007812	0.000061
-0.747967	0.559454	0.054688	0.002991
-0.749730	0.562095	0.027344	0.000748
-0.742676	0.551568	0.042969	0.001846
-0.751812	0.565222	0.027344	0.000748
-0.751212	0.564320	0.011719	0.000137
-0.755560	0.570871	0.046875	0.002197
-0.741829	0.550310	0.035156	0.001236
-0.759273	0.576495	0.015625	0.000244
-0.748664	0.560497	0.054688	0.002991
-0.756564	0.572390	0.000000	0.000000
-0.748382	0.560075	0.003906	0.000015
-0.745220	0.555352	0.003906	0.000015
-0.750782	0.563674	0.003906	0.000015
-0.755472	0.570738	0.011719	0.000137
-0.748622	0.560435	0.011719	0.000137
-0.755257	0.570413	0.003906	0.000015
-0.749399	0.561598	0.027344	0.000748
-0.753774	0.568176	0.019531	0.000381
-0.759460	0.576779	0.054688	0.002991
-0.759611	0.577009	0.031250	0.000977
-0.760976	0.579084	0.003906	0.000015
-0.759050	0.576157	0.046875	0.002197
-0.753564	0.567859	0.007812	0.000061
-0.751147	0.564222	0.019531	0.000381
-0.742401	0.551159	0.062500	0.003906
-0.755114	0.570197	0.050781	0.002579
-0.745953	0.556446	0.058594	0.003433
-0.747768	0.559158	0.003906	0.000015
-0.745582	0.555893	0.007812	0.000061
-0.751623	0.564937	0.015625	0.000244
-0.752335	0.566008	0.070312	0.004944
-0.747643	0.558970	0.019531	0.000381
-0.750667	0.563501	0.050781	0.002579
-0.756330	0.572035	0.042969	0.001846
-0.749381	0.561571	0.027344	0.000748
-0.750960	0.563941	0.054688	0.002991
-0.744586	0.554408	0.027344	0.000748
-0.752172	0.565763	0.000000	0.000000
-0.747386	0.558586	0.050781	0.002579
-0.752861	0.566799	0.011719	0.000137
-0.758915	0.575953	0.015625	0.000244
-0.749737	0.562106	0.066406	0.004410
-0.749451	0.561677	0.035156	0.001236
-0.756489	0.572276	0.007812	0.000061
-0.751063	0.564096	0.015625	0.000244
-0.756627	0.572484	0.046875	0.002197
-0.749934	0.562401	0.023438	0.000549
-0.754737	0.569628	0.023438	0.000549
-0.747383	0.558581	0.089844	0.008072
-0.757251	0.573429	0.050781	0.002579
-0.760252	0.577983	0.023438	0.000549
-0.757334	0.573554	0.058594	0.003433
-0.748438	0.560159	0.058594	0.003433
-0.745384	0.555597	0.035156	0.001236
-0.743626	0.552980	0.058594	0.003433
-0.754821	0.569754	0.015625	0.000244
-0.751011	0.564017	0.046875	0.002197
-0.745707	0.556078	0.007812	0.000061
-0.752796	0.566702	0.042969	0.001846
-0.753778	0.568181	0.011719	0.000137
-0.749365	0.561547	0.027344	0.000748
-0.755776	0.571197	0.039062	0.001526
-0.748528	0.560294	0.050781	0.002579
-0.746746	0.557629	0.062500	0.003906
-0.749287	0.561431	0.050781	0.002579
-0.756023	0.571571	0.035156	0.001236
-0.744724	0.554615	0.050781	0.002579
-0.750060	0.562590	0.093750	0.008789
-0.747784	0.559181	0.050781	0.002579
-0.750328	0.562992	0.027344	0.000748
-0.751220	0.564332	0.003906	0.000015
-0.759898	0.577444	0.046875	0.002197
-0.751544	0.564818	0.085938	0.007385
-0.760452	0.578287	0.003906	0.000015
-0.744023	0.553570	0.074219	0.005508
-0.742921	0.551932	0.125000	0.015625
-0.744741	0.554638	0.023438	0.000549
-0.742420	0.551188	0.003906	0.000015
-0.755233	0.570377	0.027344	0.000748
-0.758307	0.575030	0.042969	0.001846
-0.757637	0.574014	0.031250	0.000977
-0.763832	0.583439	0.070312	0.004944
-0.754421	0.569151	0.042969	0.001846
-0.745994	0.556507	0.078125	0.006104
-0.755249	0.570401	0.023438	0.000549
-0.749734	0.562100	0.035156	0.001236
-0.749198	0.561298	0.054688	0.002991
-0.748916	0.560876	0.003906	0.000015
-0.752413	0.566125	0.019531	0.000381
-0.759012	0.576100	0.050781	0.002579
-0.754631	0.569468	0.031250	0.000977
-0.749926	0.562389	0.054688	0.002991
-0.750311	0.562967	0.007812	0.000061
-0.747860	0.559295	0.000000	0.000000
-0.744539	0.554338	0.039062	0.001526
-0.754858	0.569811	0.058594	0.003433
-0.749414	0.561622	0.000000	0.000000
-0.755704	0.571089	0.019531	0.000381
-0.756508	0.572305	0.015625	0.000244
-0.760948	0.579043	0.042969	0.001846
-0.754755	0.569654	0.019531	0.000381
-0.742791	0.551739	0.031250	0.000977
-0.756422	0.572174	0.003906	0.000015
-0.745369	0.555574	0.128906	0.016617
-0.760792	0.578804	0.023438	0.000549
-0.763823	0.583426	0.054688	0.002991
-0.745790	0.556203	0.031250	0.000977
-0.755937	0.571441	0.031250	0.000977
-0.748521	0.560283	0.046875	0.002197
-0.755160	0.570267	0.050781	0.002579
-0.757478	0.573773	0.039062	0.001526
-0.760369	0.578161	0.019531	0.000381
-0.757486	0.573785	0.015625	0.000244
-0.752848	0.566780	0.003906	0.000015
-0.752021	0.565535	0.054688	0.002991
-0.749520	0.561781	0.011719	0.000137
-0.750635	0.563453	0.027344	0.000748
-0.749592	0.561888	0.078125	0.006104
-0.746867	0.557811	0.074219	0.005508
-0.745320	0.555502	0.019531	0.000381
-0.750755	0.563632	0.105469	0.011124
-0.749565	0.561848	0.019531	0.000381
-0.757068	0.573152	0.031250	0.000977
-0.755015	0.570048	0.070312	0.004944
-0.758405	0.575178	0.011719	0.000137
-0.755508	0.570792	0.058594	0.003433
-0.746304	0.556970	0.007812	0.000061
-0.758060	0.574655	0.058594	0.003433
-0.751720	0.565083	0.050781	0.002579
-0.747189	0.558291	0.074219	0.005508
-0.752832	0.566756	0.062500	0.003906
-0.762369	0.581206	0.015625	0.000244
-0.757864	0.574358	0.085938	0.007385
-0.760188	0.577886	0.058594	0.003433
-0.752864	0.566804	0.011719	0.000137
-0.741596	0.549965	0.003906	0.000015
-0.749478	0.561717	0.015625	0.000244
-0.743888	0.553369	0.015625	0.000244
-0.755201	0.570329	0.023438	0.000549
-0.748262	0.559896	0.023438	0.000549
-0.751264	0.564397	0.062500	0.003906
-0.745916	0.556391	0.019531	0.000381
-0.745044	0.555090	0.035156	0.001236
-0.747790	0.559190	0.042969	0.001846
-0.744170	0.553789	0.007812	0.000061
-0.754081	0.568638	0.066406	0.004410
-0.745560	0.555860	0.066406	0.004410
-0.750402	0.563103	0.007812	0.000061
-0.748717	0.560576	0.023438	0.000549
-0.748911	0.560867	0.042969	0.001846
-0.741332	0.549573	0.035156	0.001236
-0.758072	0.574672	0.019531	0.000381
-0.762974	0.582130	0.007812	0.000061
-0.756065	0.571634	0.070312	0.004944
-0.744961	0.554967	0.003906	0.000015
-0.747802	0.559208	0.011719	0.000137
-0.749165	0.561249	0.015625	0.000244
-0.743762	0.553183	0.023438	0.000549
-0.747613	0.558926	0.042969	0.001846
-0.743935	0.553439	0.015625	0.000244
-0.752463	0.566200	0.011719	0.000137
-0.758510	0.575338	0.097656	0.009537
-0.759540	0.576901	0.070312	0.004944
-0.742001	0.550565	0.054688	0.002991
-0.750247	0.562871	0.058594	0.003433
-0.752304	0.565961	0.058594	0.003433
-0.749028	0.561043	0.023438	0.000549
-0.740681	0.548608	0.003906	0.000015
-0.756767	0.572697	0.023438	0.000549
-0.753433	0.567661	0.027344	0.000748
-0.744727	0.554618	0.015625	0.000244
-0.759478	0.576807	0.015625	0.000244
-0.752629	0.566450	0.035156	0.001236
-0.747974	0.559466	0.113281	0.012833
-0.759711	0.577160	0.007812	0.000061
-0.750283	0.562925	0.011719	0.000137
-0.762063	0.580740	0.015625	0.000244
-0.764063	0.583793	0.062500	0.003906
-0.750389	0.563084	0.066406	0.004410
-0.753345	0.567529	0.066406	0.004410
-0.746389	0.557097	0.027344	0.000748
-0.746451	0.557189	0.031250	0.000977
-0.759100	0.576233	0.027344	0.000748
-0.747589	0.558890	0.019531	0.000381
-0.753869	0.568318	0.019531	0.000381
-0.746065	0.556613	0.082031	0.006729
-0.756808	0.572759	0.085938	0.007385
-0.752957	0.566945	0.054688	0.002991
-0.760100	0.577752	0.027344	0.000748
-0.753868	0.568317	0.007812	0.000061
-0.752262	0.565898	0.039062	0.001526
-0.756027	0.571576	0.039062	0.001526
-0.745449	0.555694	0.066406	0.004410
-0.752258	0.565893	0.031250	0.000977
-0.754005	0.568523	0.007812	0.000061
-0.753412	0.567630	0.117188	0.013733
-0.748465	0.560200	0.019531	0.000381
-0.756401	0.572142	0.019531	0.000381
-0.747879	0.559324	0.015625	0.000244
-0.743039	0.552107	0.011719	0.000137
-0.751102	0.564154	0.070312	0.004944
-0.750519	0.563278	0.023438	0.000549
-0.748962	0.560944	0.054688	0.002991
-0.750653	0.563480	0.035156	0.001236
-0.749540	0.561811	0.082031	0.006729
-0.757334	0.573555	0.011719	0.000137
-0.748920	0.560881	0.046875	0.002197
-0.747142	0.558221	0.000000	0.000000
-0.753084	0.567136	0.031250	0.000977
-0.750244	0.562866	0.019531	0.000381
-0.744918	0.554903	0.125000	0.015625
-0.751660	0.564993	0.003906	0.000015
-0.742376	0.551122	0.039062	0.001526
-0.754700	0.569572	0.011719	0.000137
-0.757725	0.574147	0.042969	0.001846
-0.753939	0.568424	0.015625	0.000244
-0.748960	0.560942	0.054688	0.002991
-0.764535	0.584514	0.039062	0.001526
-0.746339	0.557023	0.031250	0.000977
-0.754258	0.568905	0.050781	0.002579
-0.750076	0.562614	0.050781	0.002579
-0.750769	0.563655	0.054688	0.002991
-0.751754	0.565134	0.058594	0.003433
-0.752111	0.565671	0.011719	0.000137
-0.761199	0.579425	0.050781	0.002579
-0.740179	0.547865	0.031250	0.000977
-0.753958	0.568452	0.054688	0.002991
-0.750174	0.562761	0.003906	0.000015
-0.747542	0.558819	0.015625	0.000244
-0.752323	0.565990	0.000000	0.000000
-0.746205	0.556823	0.015625	0.000244
-0.748528	0.560294	0.027344	0.000748
-0.744556	0.554364	0.023438	0.000549
-0.750133	0.562700	0.062500	0.003906
-0.757893	0.574402	0.039062	0.001526
-0.743309	0.552508	0.042969	0.001846
-0.751973	0.565464	0.050781	0.002579
-0.750554	0.563331	0.019531	0.000381
-0.746239	0.556873	0.015625	0.000244
-0.753468	0.567715	0.062500	0.003906
-0.755872	0.571342	0.019531	0.000381
-0.746319	0.556992	0.101562	0.010315
-0.742674	0.551565	0.058594	0.003433
-0.757368	0.573606	0.007812	0.000061
-0.755505	0.570788	0.035156	0.001236
-0.753805	0.568222	0.027344	0.000748
-0.754696	0.569567	0.003906	0.000015
-0.749448	0.561672	0.023438	0.000549
-0.748803	0.560706	0.031250	0.000977
-0.745493	0.555759	0.027344	0.000748
-0.756571	0.572399	0.007812	0.000061
-0.743589	0.552924	0.089844	0.008072
-0.752434	0.566158	0.019531	0.000381
-0.758627	0.575515	0.078125	0.006104
-0.745406	0.555629	0.015625	0.000244
-0.750871	0.563807	0.035156	0.001236
-0.751971	0.565460	0.027344	0.000748
-0.749452	0.561678	0.050781	0.002579
-0.756654	0.572525	0.007812	0.000061
-0.746173	0.556774	0.042969	0.001846
-0.748877	0.560816	0.007812	0.000061
-0.752421	0.566137	0.035156	0.001236
-0.740705	0.548644	0.019531	0.000381
-0.757342	0.573567	0.027344	0.000748
-0.753366	0.567560	0.019531	0.000381
-0.758400	0.575171	0.007812	0.000061
-0.741702	0.550122	0.031250	0.000977
-0.752807	0.566719	0.011719	0.000137
-0.755526	0.570819	0.042969	0.001846
-0.755271	0.570434	0.058594	0.003433
-0.741373	0.549633	0.039062	0.001526
-0.756826	0.572785	0.011719	0.000137
-0.758433	0.575220	0.007812	0.000061
-0.756834	0.572797	0.007812	0.000061
-0.749733	0.562100	0.007812	0.000061
-0.753711	0.568081	0.000000	0.000000
-0.745686	0.556048	0.027344	0.000748
-0.744818	0.554754	0.058594	0.003433
-0.754691	0.569558	0.062500	0.003906
-0.753570	0.567867	0.078125	0.006104
-0.751981	0.565476	0.054688	0.002991
-0.738786	0.545805	0.011719	0.000137
-0.750723	0.563585	0.070312	0.004944
-0.751353	0.564531	0.070312	0.004944
-0.743033	0.552098	0.003906	0.000015
-0.746535	0.557315	0.019531	0.000381
-0.745093	0.555163	0.027344	0.000748
-0.757579	0.573926	0.007812	0.000061
-0.749351	0.561526	0.035156	0.001236
-0.756527	0.572334	0.035156	0.001236
-0.761185	0.579403	0.015625	0.000244
-0.756993	0.573038	0.007812	0.000061
-0.754886	0.569853	0.019531	0.000381
-0.765809	0.586463	0.015625	0.000244
-0.745852	0.556295	0.050781	0.002579
-0.751335	0.564504	0.039062	0.001526
-0.756362	0.572083	0.078125	0.006104
-0.762919	0.582045	0.027344	0.000748
-0.740743	0.548699	0.054688	0.002991
-0.752544	0.566322	0.046875	0.002197
-0.751613	0.564923	0.015625	0.000244
-0.754743	0.569637	0.003906	0.000015
-0.743934	0.553437	0.042969	0.001846
-0.754753	0.569653	0.000000	0.000000
-0.754367	0.569070	0.003906	0.000015
-0.751366	0.564552	0.007812	0.000061
-0.752652	0.566485	0.023438	0.000549
-0.749134	0.561201	0.050781	0.002579
-0.752537	0.566313	0.132812	0.017639
-0.750710	0.563566	0.031250	0.000977
-0.758443	0.575236	0.082031	0.006729
-0.753318	0.567488	0.019531	0.000381
-0.745845	0.556284	0.007812	0.000061
-0.750371	0.563057	0.035156	0.001236
-0.753530	0.567807	0.070312	0.004944
-0.746674	0.557522	0.046875	0.002197
-0.742700	0.551603	0.066406	0.004410
-0.749044	0.561067	0.023438	0.000549
-0.762813	0.581884	0.039062	0.001526
-0.751709	0.565066	0.007812	0.000061
-0.753581	0.567884	0.023438	0.000549
-0.752800	0.566709	0.015625	0.000244
-0.747549	0.558829	0.046875	0.002197
-0.743654	0.553021	0.050781	0.002579
-0.756770	0.572700	0.031250	0.000977
-0.752904	0.566864	0.007812	0.000061
-0.751652	0.564981	0.042969	0.001846
-0.750210	0.562815	0.058594	0.003433
-0.746020	0.556546	0.027344	0.000748
-0.749062	0.561094	0.011719	0.000137
-0.755129	0.570220	0.007812	0.000061
-0.754191	0.568805	0.000000	0.000000
-0.757199	0.573350	0.011719	0.000137
-0.755523	0.570814	0.031250	0.000977
-0.752548	0.566329	0.082031	0.006729
-0.758760	0.575717	0.074219	0.005508
-0.751870	0.565309	0.039062	0.001526
-0.743198	0.552344	0.000000	0.000000
-0.758354	0.575102	0.066406	0.004410
-0.753605	0.567920	0.011719	0.000137
-0.757252	0.573431	0.050781	0.002579
-0.751412	0.564621	0.050781	0.002579
-0.754321	0.569000	0.035156	0.001236
-0.756106	0.571697	0.027344	0.000748
-0.753330	0.567506	0.058594	0.003433
-0.746792	0.557698	0.031250	0.000977
-0.762972	0.582127	0.039062	0.001526
-0.756209	0.571853	0.000000	0.000000
-0.741163	0.549322	0.042969	0.001846
-0.756801	0.572747	0.097656	0.009537
-0.747675	0.559018	0.046875	0.002197
-0.751973	0.565463	0.062500	0.003906
-0.749985	0.562477	0.050781	0.002579
-0.748665	0.560499	0.027344	0.000748
-0.753497	0.567758	0.007812	0.000061
-0.746747	0.557632	0.035156	0.001236
-0.750609	0.563414	0.046875	0.002197
-0.755924	0.571421	0.035156	0.001236
-0.754802	0.569726	0.046875	0.002197
-0.755837	0.571289	0.023438	0.000549
-0.748698	0.560548	0.023438	0.000549
-0.757878	0.574380	0.035156	0.001236
-0.748633	0.560452	0.007812	0.000061
-0.762604	0.581565	0.042969	0.001846
-0.764532	0.584509	0.066406	0.004410
-0.745584	0.555896	0.027344	0.000748
-0.747386	0.558586	0.062500	0.003906
-0.748508	0.560265	0.003906	0.000015
-0.747271	0.558413	0.011719	0.000137
-0.743627	0.552982	0.011719	0.000137
-0.757680	0.574078	0.089844	0.008072
-0.747193	0.558297	0.058594	0.003433
-0.743762	0.553181	0.011719	0.000137
-0.754072	0.568625	0.042969	0.001846
-0.746293	0.556953	0.085938	0.007385
-0.758388	0.575152	0.011719	0.000137
-0.750866	0.563799	0.007812	0.000061
-0.748686	0.560531	0.007812	0.000061
-0.752049	0.565577	0.011719	0.000137
-0.751218	0.564328	0.003906	0.000015
-0.752047	0.565575	0.015625	0.000244
-0.752279	0.565924	0.046875	0.002197
-0.746754	0.557642	0.007812	0.000061
-0.748645	0.560469	0.035156	0.001236
-0.746695	0.557554	0.113281	0.012833
-0.762109	0.580810	0.003906	0.000015
-0.750926	0.563891	0.007812	0.000061
-0.753168	0.567262	0.023438	0.000549
-0.753932	0.568413	0.035156	0.001236
-0.746834	0.557762	0.003906	0.000015
-0.744599	0.554427	0.031250	0.000977
-0.759494	0.576831	0.031250	0.000977
-0.743006	0.552058	0.042969	0.001846
-0.741088	0.549212	0.019531	0.000381
-0.756191	0.571825	0.054688	0.002991
-0.753365	0.567558	0.039062	0.001526
-0.758515	0.575344	0.019531	0.000381
-0.756179	0.571807	0.054688	0.002991
-0.749654	0.561981	0.000000	0.000000
-0.753156	0.567244	0.023438	0.000549
-0.750038	0.562558	0.074219	0.005508
-0.742669	0.551557	0.046875	0.002197
-0.753707	0.568075	0.011719	0.000137
-0.760519	0.578389	0.003906	0.000015
-0.752865	0.566806	0.070312	0.004944
-0.753055	0.567092	0.082031	0.006729
-0.748759	0.560640	0.039062	0.001526
-0.762526	0.581446	0.042969	0.001846
-0.753931	0.568412	0.066406	0.004410
-0.753963	0.568460	0.050781	0.002579
-0.743264	0.552442	0.027344	0.000748
-0.751521	0.564783	0.000000	0.000000
-0.748123	0.559688	0.035156	0.001236
-0.737472	0.543865	0.054688	0.002991
-0.751346	0.564521	0.015625	0.000244
-0.752065	0.565601	0.042969	0.001846
-0.759177	0.576350	0.046875	0.002197
-0.747065	0.558106	0.007812	0.000061
-0.748714	0.560572	0.015625	0.000244
-0.751098	0.564148	0.027344	0.000748
-0.755555	0.570864	0.027344	0.000748
-0.749604	0.561907	0.039062	0.001526
-0.752474	0.566218	0.050781	0.002579
-0.750507	0.563261	0.046875	0.002197
-0.749469	0.561704	0.003906	0.000015
-0.757671	0.574065	0.000000	0.000000
-0.753163	0.567255	0.011719	0.000137
-0.753313	0.567480	0.011719	0.000137
-0.744828	0.554768	0.000000	0.000000
-0.746682	0.557534	0.046875	0.002197
-0.750166	0.562749	0.003906	0.000015
-0.761166	0.579374	0.046875	0.002197
-0.751139	0.564210	0.078125	0.006104
-0.752018	0.565531	0.039062	0.001526
-0.751734	0.565105	0.054688	0.002991
-0.758183	0.574841	0.007812	0.000061
-0.746663	0.557506	0.019531	0.000381
-0.751380	0.564572	0.015625	0.000244
-0.761929	0.580536	0.093750	0.008789
-0.744445	0.554198	0.000000	0.000000
-0.747452	0.558684	0.023438	0.000549
-0.754935	0.569926	0.019531	0.000381
-0.753301	0.567463	0.011719	0.000137
-0.753270	0.567416	0.003906	0.000015
-0.755200	0.570327	0.015625	0.000244
-0.771014	0.594463	0.011719	0.000137
-0.754197	0.568814	0.070312	0.004944
-0.750258	0.562887	0.019531	0.000381
-0.748753	0.560631	0.062500	0.003906
-0.754067	0.568617	0.023438	0.000549
-0.753401	0.567612	0.046875	0.002197
-0.749158	0.561238	0.003906	0.000015
-0.755919	0.571414	0.027344	0.000748
-0.759219	0.576414	0.042969	0.001846
-0.752212	0.565823	0.035156	0.001236
-0.753200	0.567311	0.046875	0.002197
-0.748893	0.560841	0.007812	0.000061
-0.748613	0.560422	0.089844	0.008072
-0.751162	0.564244	0.019531	0.000381
-0.747871	0.559312	0.011719	0.000137
-0.747422	0.558639	0.003906	0.000015
-0.741064	0.549175	0.011719	0.000137
-0.761492	0.579870	0.035156	0.001236
-0.749691	0.562037	0.023438	0.000549
-0.750250	0.562875	0.015625	0.000244
-0.769624	0.592321	0.000000	0.000000
-0.749365	0.561548	0.035156	0.001236
-0.755935	0.571437	0.132812	0.017639
-0.749405	0.561607	0.042969	0.001846
-0.747848	0.559277	0.050781	0.002579
-0.759264	0.576482	0.023438	0.000549
-0.750932	0.563899	0.011719	0.000137
-0.760207	0.577914	0.011719	0.000137
-0.763650	0.583161	0.011719	0.000137
-0.749739	0.562109	0.003906	0.000015
-0.747402	0.558610	0.035156	0.001236
-0.755670	0.571037	0.027344	0.000748
-0.749732	0.562099	0.007812	0.000061
-0.751795	0.565195	0.042969	0.001846
-0.745790	0.556202	0.089844	0.008072
-0.757529	0.573850	0.003906	0.000015
-0.748452	0.560180	0.007812	0.000061
-0.747872	0.559313	0.015625	0.000244
-0.747945	0.559421	0.054688	0.002991
-0.757641	0.574020	0.015625	0.000244
-0.756149	0.571762	0.027344	0.000748
-0.749351	0.561527	0.035156	0.001236
-0.742546	0.551375	0.042969	0.001846
-0.756818	0.572773	0.066406	0.004410
-0.748359	0.560041	0.027344	0.000748
-0.750269	0.562904	0.035156	0.001236
-0.762619	0.581587	0.042969	0.001846
-0.744069	0.553639	0.085938	0.007385
-0.754823	0.569757	0.011719	0.000137
-0.741468	0.549775	0.011719	0.000137
-0.747149	0.558231	0.007812	0.000061
-0.748188	0.559786	0.050781	0.002579
-0.763619	0.583114	0.093750	0.008789
-0.753183	0.567285	0.011719	0.000137
-0.747965	0.559452	0.035156	0.001236
-0.750541	0.563311	0.054688	0.002991
-0.754163	0.568761	0.039062	0.001526
-0.754967	0.569974	0.015625	0.000244
-0.749815	0.562223	0.050781	0.002579
-0.754459	0.569209	0.070312	0.004944
-0.762453	0.581334	0.027344	0.000748
-0.752032	0.565552	0.019531	0.000381
-0.749507	0.561761	0.019531	0.000381
-0.752632	0.566455	0.011719	0.000137
-0.760136	0.577807	0.078125	0.006104
-0.747026	0.558047	0.003906	0.000015
-0.752891	0.566845	0.027344	0.000748
-0.749590	0.561885	0.027344	0.000748
-0.757607	0.573969	0.031250	0.000977
-0.750766	0.563650	0.027344	0.000748
-0.753729	0.568108	0.074219	0.005508
-0.752638	0.566464	0.011719	0.000137
-0.762252	0.581029	0.039062	0.001526
-0.765681	0.586267	0.000000	0.000000
-0.757952	0.574491	0.015625	0.000244
-0.747270	0.558413	0.035156	0.001236
-0.751643	0.564967	0.031250	0.000977
-0.751465	0.564699	0.039062	0.001526
-0.748374	0.560064	0.015625	0.000244
-0.762580	0.581529	0.007812	0.000061
-0.748858	0.560789	0.023438	0.000549
-0.746037	0.556571	0.015625	0.000244
-0.746964	0.557956	0.031250	0.000977
-0.749313	0.561470	0.046875	0.002197
-0.759693	0.577134	0.027344	0.000748
-0.752872	0.566817	0.066406	0.004410
-0.754504	0.569276	0.015625	0.000244
-0.745508	0.555782	0.011719	0.000137
-0.758978	0.576048	0.046875	0.002197
-0.757048	0.573122	0.035156	0.001236
-0.752457	0.566192	0.085938	0.007385
-0.755245	0.570395	0.074219	0.005508
-0.756788	0.572728	0.046875	0.002197
-0.743149	0.552270	0.011719	0.000137
-0.750161	0.562741	0.015625	0.000244
-0.754513	0.569290	0.042969	0.001846
-0.764556	0.584545	0.015625	0.000244
-0.763256	0.582560	0.042969	0.001846
-0.751798	0.565201	0.074219	0.005508
-0.748749	0.560625	0.050781	0.002579
-0.747701	0.559057	0.011719	0.000137
-0.766031	0.586803	0.000000	0.000000
-0.752923	0.566894	0.003906	0.000015
-0.748028	0.559545	0.019531	0.000381
-0.744730	0.554623	0.058594	0.003433
-0.744440	0.554191	0.019531	0.000381
-0.750873	0.563811	0.003906	0.000015
-0.747622	0.558939	0.007812	0.000061
-0.772528	0.596800	0.007812	0.000061
-0.749136	0.561204	0.011719	0.000137
-0.749360	0.561540	0.050781	0.002579
-0.749750	0.562125	0.007812	0.000061
-0.754672	0.569531	0.023438	0.000549
-0.754841	0.569785	0.035156	0.001236
-0.746885	0.557837	0.015625	0.000244
-0.756071	0.571643	0.027344	0.000748
-0.754840	0.569784	0.000000	0.000000
-0.743237	0.552401	0.007812	0.000061
-0.751179	0.564270	0.046875	0.002197
-0.752040	0.565564	0.050781	0.002579
-0.747405	0.558614	0.007812	0.000061
-0.754566	0.569369	0.015625	0.000244
-0.751369	0.564555	0.050781	0.002579
-0.748538	0.560310	0.058594	0.003433
-0.750058	0.562587	0.019531	0.000381
-0.751793	0.565193	0.062500	0.003906
-0.749612	0.561918	0.019531	0.000381
-0.753934	0.568416	0.109375	0.011963
-0.748844	0.560768	0.058594	0.003433
-0.750128	0.562692	0.003906	0.000015
-0.756351	0.572068	0.011719	0.000137
-0.751614	0.564923	0.007812	0.000061
-0.751866	0.565302	0.105469	0.011124
-0.757778	0.574228	0.058594	0.003433
-0.752117	0.565680	0.031250	0.000977
-0.751041	0.564063	0.031250	0.000977
-0.749865	0.562297	0.097656	0.009537
-0.764366	0.584255	0.039062	0.001526
-0.760016	0.577624	0.023438	0.000549
-0.750817	0.563727	0.070312	0.004944
-0.749655	0.561982	0.027344	0.000748
-0.753511	0.567779	0.089844	0.008072
-0.752356	0.566040	0.027344	0.000748
-0.754020	0.568546	0.039062	0.001526
-0.753821	0.568246	0.035156	0.001236
-0.754343	0.569034	0.078125	0.006104
-0.763245	0.582542	0.031250	0.000977
-0.750514	0.563272	0.066406	0.004410
-0.745706	0.556078	0.054688	0.002991
-0.748605	0.560409	0.003906	0.000015
-0.758134	0.574768	0.019531	0.000381
-0.756976	0.573012	0.031250	0.000977
-0.747031	0.558055	0.035156	0.001236
-0.751695	0.565045	0.015625	0.000244
-0.754178	0.568785	0.039062	0.001526
-0.743502	0.552796	0.019531	0.000381
-0.754091	0.568654	0.062500	0.003906
-0.748487	0.560233	0.019531	0.000381
-0.758001	0.574565	0.031250	0.000977
-0.737595	0.544046	0.027344	0.000748
-0.750006	0.562508	0.078125	0.006104
-0.746968	0.557961	0.070312	0.004944
-0.748941	0.560912	0.101562	0.010315
-0.752734	0.566609	0.007812	0.000061
-0.747752	0.559133	0.031250	0.000977
-0.760484	0.578336	0.031250	0.000977
-0.762885	0.581993	0.035156	0.001236
-0.746379	0.557081	0.007812	0.000061
-0.746704	0.557566	0.031250	0.000977
-0.744506	0.554289	0.003906	0.000015
-0.747641	0.558967	0.027344	0.000748
-0.754620	0.569451	0.027344	0.000748
-0.757838	0.574319	0.042969	0.001846
-0.752435	0.566158	0.000000	0.000000
-0.754574	0.569382	0.078125	0.006104
-0.749488	0.561733	0.046875	0.002197
-0.749081	0.561122	0.039062	0.001526
-0.761789	0.580323	0.070312	0.004944
-0.751255	0.564384	0.074219	0.005508
-0.749522	0.561784	0.031250	0.000977
-0.759156	0.576318	0.011719	0.000137
-0.752401	0.566107	0.011719	0.000137
-0.749134	0.561202	0.050781	0.002579
-0.743622	0.552974	0.117188	0.013733
-0.748921	0.560883	0.027344	0.000748
-0.746107	0.556675	0.027344	0.000748
-0.752239	0.565863	0.058594	0.003433
-0.750118	0.562677	0.011719	0.000137
-0.749385	0.561578	0.000000	0.000000
-0.748386	0.560081	0.023438	0.000549
-0.749551	0.561826	0.000000	0.000000
-0.756483	0.572267	0.113281	0.012833
-0.746622	0.557444	0.007812	0.000061
-0.757402	0.573658	0.066406	0.004410
-0.751013	0.564021	0.019531	0.000381
-0.750124	0.562686	0.007812	0.000061
-0.752896	0.566852	0.027344	0.000748
-0.760874	0.578929	0.000000	0.000000
-0.749341	0.561511	0.093750	0.008789
-0.748147	0.559724	0.062500	0.003906
-0.746995	0.558002	0.093750	0.008789
-0.748595	0.560394	0.003906	0.000015
-0.762335	0.581155	0.054688	0.002991
-0.756019	0.571565	0.015625	0.000244
-0.751370	0.564557	0.015625	0.000244
-0.767245	0.588665	0.011719	0.000137
-0.752345	0.566022	0.007812	0.000061
-0.747191	0.558295	0.007812	0.000061
-0.755304	0.570484	0.062500	0.003906
-0.755565	0.570878	0.011719	0.000137
-0.749112	0.561169	0.015625	0.000244
-0.749974	0.562461	0.027344	0.000748
-0.750962	0.563943	0.050781	0.002579
-0.753259	0.567399	0.011719	0.000137
-0.750039	0.562559	0.019531	0.000381
-0.751654	0.564984	0.007812	0.000061
-0.748848	0.560773	0.089844	0.008072
-0.759479	0.576808	0.058594	0.003433
-0.755589	0.570915	0.011719	0.000137
-0.750418	0.563128	0.050781	0.002579
-0.749845	0.562267	0.003906	0.000015
-0.746489	0.557245	0.035156	0.001236
-0.748813	0.560721	0.058594	0.003433
-0.746433	0.557162	0.082031	0.006729
-0.750625	0.563438	0.078125	0.006104
-0.747665	0.559002	0.019531	0.000381
-0.746390	0.557099	0.085938	0.007385
-0.746809	0.557723	0.078125	0.006104
-0.753753	0.568143	0.011719	0.000137
-0.744257	0.553918	0.039062	0.001526
-0.748530	0.560297	0.011719	0.000137
-0.759244	0.576452	0.015625	0.000244
-0.749027	0.561041	0.050781	0.002579
-0.743643	0.553005	0.109375	0.011963
-0.752959	0.566948	0.015625	0.000244
-0.759381	0.576659	0.050781	0.002579
-0.743749	0.553163	0.027344	0.000748
-0.751495	0.564744	0.015625	0.000244
-0.740705	0.548644	0.070312	0.004944
-0.748083	0.559628	0.015625	0.000244
-0.751255	0.564384	0.042969	0.001846
-0.750417	0.563126	0.003906	0.000015
-0.754027	0.568557	0.003906	0.000015
-0.748070	0.559608	0.062500	0.003906
-0.751195	0.564294	0.000000	0.000000
-0.751761	0.565144	0.023438	0.000549
-0.749836	0.562255	0.000000	0.000000
-0.759486	0.576818	0.011719	0.000137
-0.751302	0.564454	0.035156	0.001236
-0.748381	0.560074	0.031250	0.000977
-0.750339	0.563009	0.011719	0.000137
-0.747924	0.559390	0.015625	0.000244
-0.753131	0.567206	0.066406	0.004410
-0.752680	0.566527	0.019531	0.000381
-0.745267	0.555424	0.074219	0.005508
-0.752186	0.565784	0.003906	0.000015
-0.755943	0.571449	0.039062	0.001526
-0.751432	0.564650	0.078125	0.006104
-0.747502	0.558759	0.031250	0.000977
-0.740375	0.548155	0.027344	0.000748
-0.754924	0.569910	0.015625	0.000244
-0.760752	0.578744	0.000000	0.000000
-0.760494	0.578350	0.011719	0.000137
-0.760442	0.578273	0.000000	0.000000
-0.750879	0.563819	0.042969	0.001846
-0.755985	0.571514	0.000000	0.000000
-0.747409	0.558620	0.062500	0.003906
-0.745308	0.555484	0.003906	0.000015
-0.756318	0.572017	0.054688	0.002991
-0.748629	0.560445	0.035156	0.001236
-0.750051	0.562577	0.011719	0.000137
-0.752607	0.566417	0.011719	0.000137
-0.750361	0.563042	0.062500	0.003906
-0.755206	0.570336	0.011719	0.000137
-0.760551	0.578437	0.031250	0.000977
-0.753796	0.568208	0.027344	0.000748
-0.747475	0.558720	0.031250	0.000977
-0.746995	0.558002	0.066406	0.004410
-0.746616	0.557436	0.031250	0.000977
-0.755327	0.570519	0.000000	0.000000
-0.749805	0.562208	0.035156	0.001236
-0.746742	0.557623	0.035156	0.001236
-0.745926	0.556406	0.062500	0.003906
-0.756527	0.572333	0.019531	0.000381
-0.745124	0.555210	0.003906	0.000015
-0.751377	0.564567	0.023438	0.000549
-0.749532	0.561798	0.007812	0.000061
-0.749391	0.561587	0.035156	0.001236
-0.757360	0.573595	0.007812	0.000061
-0.750633	0.563449	0.007812	0.000061
-0.753200	0.567310	0.089844	0.008072
-0.752245	0.565872	0.046875	0.002197
-0.747559	0.558845	0.003906	0.000015
-0.756595	0.572436	0.019531	0.000381
-0.751530	0.564797	0.062500	0.003906
-0.745297	0.555468	0.019531	0.000381
-0.749469	0.561704	0.074219	0.005508
-0.758213	0.574887	0.007812	0.000061
-0.753098	0.567157	0.031250	0.000977
-0.757443	0.573719	0.039062	0.001526
-0.744446	0.554200	0.015625	0.000244
-0.749435	0.561653	0.023438	0.000549
-0.757360	0.573594	0.066406	0.004410
-0.742321	0.551040	0.007812	0.000061
-0.750417	0.563126	0.031250	0.000977
-0.756348	0.572062	0.042969	0.001846
-0.750477	0.563216	0.035156	0.001236
-0.751073	0.564110	0.062500	0.003906
-0.756199	0.571837	0.058594	0.003433
-0.746348	0.557036	0.031250	0.000977
-0.752099	0.565653	0.050781	0.002579
-0.751578	0.564869	0.000000	0.000000
-0.751740	0.565114	0.003906	0.000015
-0.750103	0.562654	0.074219	0.005508
-0.749214	0.561321	0.015625	0.000244
-0.754991	0.570011	0.011719	0.000137
-0.745921	0.556399	0.007812	0.000061
-0.743993	0.553525	0.039062	0.001526
-0.746510	0.557277	0.027344	0.000748
-0.750793	0.563691	0.015625	0.000244
-0.748877	0.560817	0.007812	0.000061
-0.746201	0.556816	0.046875	0.002197
-0.752953	0.566939	0.035156	0.001236
-0.753208	0.567322	0.019531	0.000381
-0.759523	0.576875	0.089844	0.008072
-0.752626	0.566445	0.000000	0.000000
-0.752946	0.566928	0.011719	0.000137
-0.747797	0.559200	0.089844	0.008072
-0.744583	0.554404	0.003906	0.000015
-0.747168	0.558261	0.007812	0.000061
-0.749710	0.562065	0.007812	0.000061
-0.749400	0.561600	0.007812	0.000061
-0.750366	0.563048	0.074219	0.005508
-0.748477	0.560218	0.019531	0.000381
-0.749301	0.561452	0.015625	0.000244
-0.745418	0.555648	0.046875	0.002197
-0.750829	0.563744	0.015625	0.000244
-0.749065	0.561098	0.121094	0.014664
-0.756034	0.571588	0.015625	0.000244
-0.752339	0.566014	0.023438	0.000549
-0.748752	0.560629	0.082031	0.006729
-0.738672	0.545637	0.039062	0.001526
-0.753472	0.567720	0.039062	0.001526
-0.754894	0.569865	0.019531	0.000381
-0.748606	0.560411	0.003906	0.000015
-0.748019	0.559533	0.027344	0.000748
-0.750895	0.563843	0.058594	0.003433
-0.746289	0.556948	0.003906	0.000015
-0.746436	0.557167	0.027344	0.000748
-0.759971	0.577556	0.019531	0.000381
-0.751011	0.564018	0.031250	0.000977
-0.754096	0.568661	0.011719	0.000137
-0.743879	0.553356	0.066406	0.004410
-0.755685	0.571059	0.093750	0.008789
-0.749463	0.561694	0.046875	0.002197
-0.745162	0.555266	0.031250	0.000977
-0.742366	0.551107	0.003906	0.000015
-0.753854	0.568296	0.070312	0.004944
-0.749012	0.561019	0.000000	0.000000
-0.752299	0.565954	0.039062	0.001526
-0.755619	0.570960	0.007812	0.000061
-0.760692	0.578652	0.011719	0.000137
-0.758232	0.574916	0.019531	0.000381
-0.760177	0.577869	0.089844	0.008072
-0.749680	0.562020	0.003906	0.000015
-0.750582	0.563374	0.031250	0.000977
-0.749946	0.562419	0.007812	0.000061
-0.756286	0.571968	0.023438	0.000549
-0.750612	0.563418	0.031250	0.000977
-0.757815	0.574284	0.015625	0.000244
-0.749565	0.561848	0.031250	0.000977
-0.749376	0.561564	0.054688	0.002991
-0.752618	0.566433	0.019531	0.000381
-0.753593	0.567903	0.070312	0.004944
-0.754194	0.568809	0.050781	0.002579
-0.760453	0.578289	0.054688	0.002991
-0.747058	0.558095	0.015625	0.000244
-0.756554	0.572373	0.050781	0.002579
-0.753212	0.567328	0.015625	0.000244
-0.739012	0.546139	0.078125	0.006104
-0.753141	0.567221	0.031250	0.000977
-0.751811	0.565219	0.011719	0.000137
-0.750047	0.562570	0.058594	0.003433
-0.748451	0.560179	0.003906	0.000015
-0.752528	0.566298	0.007812	0.000061
-0.753649	0.567987	0.050781	0.002579
-0.751568	0.564855	0.035156	0.001236
-0.749263	0.561395	0.027344	0.000748
-0.757394	0.573646	0.085938	0.007385
-0.756381	0.572112	0.007812	0.000061
-0.741979	0.550533	0.027344	0.000748
-0.751751	0.565129	0.027344	0.000748
-0.750659	0.563490	0.003906	0.000015
-0.749660	0.561990	0.035156	0.001236
-0.750714	0.563571	0.011719	0.000137
-0.742810	0.551767	0.035156	0.001236
-0.755311	0.570494	0.027344	0.000748
-0.746871	0.557816	0.039062	0.001526
-0.742907	0.551911	0.042969	0.001846
-0.750143	0.562714	0.015625	0.000244
-0.749622	0.561933	0.000000	0.000000
-0.743410	0.552658	0.011719	0.000137
-0.756470	0.572246	0.019531	0.000381
-0.748619	0.560431	0.050781	0.002579
-0.758816	0.575802	0.078125	0.006104
-0.757356	0.573588	0.031250	0.000977
-0.748044	0.559570	0.042969	0.001846
-0.758121	0.574747	0.042969	0.001846
-0.758896	0.575923	0.058594	0.003433
-0.756067	0.571637	0.015625	0.000244
-0.749308	0.561463	0.039062	0.001526
-0.757577	0.573923	0.058594	0.003433
-0.751784	0.565179	0.035156	0.001236
-0.749802	0.562203	0.023438	0.000549
-0.759676	0.577107	0.015625	0.000244
-0.754141	0.568728	0.097656	0.009537
-0.753206	0.567319	0.035156	0.001236
-0.751797	0.565199	0.007812	0.000061
