# Energy	Energy^2	Magnetic	Magnet^2
-0.745404	0.555627	0.078125	0.006104
-0.723123	0.522907	0.125000	0.015625
-0.737124	0.543352	0.078125	0.006104
-0.732987	0.537270	0.125000	0.015625
-0.736205	0.541997	0.078125	0.006104
-0.734917	0.540102	0.218750	0.047852
-0.733744	0.538381	0.031250	0.000977
-0.761984	0.580619	0.109375	0.011963
-0.726792	0.528226	0.000000	0.000000
-0.721529	0.520604	0.109375	0.011963
-0.723920	0.524060	0.109375	0.011963
-0.730067	0.532998	0.031250	0.000977
-0.728608	0.530870	0.078125	0.006104
-0.728933	0.531344	0.015625	0.000244
-0.744122	0.553718	0.015625	0.000244
-0.717727	0.515132	0.000000	0.000000
-0.732122	0.536002	0.109375	0.011963
-0.712654	0.507875	0.062500	0.003906
-0.755232	0.570376	0.015625	0.000244
-0.735644	0.541172	0.000000	0.000000
-0.732650	0.536775	0.015625	0.000244
-0.726671	0.528050	0.062500	0.003906
-0.728681	0.530977	0.140625	0.019775
-0.720707	0.519419	0.015625	0.000244
-0.710526	0.504847	0.171875	0.029541
-0.751275	0.564415	0.062500	0.003906
-0.721132	0.520031	0.000000	0.000000
-0.730461	0.533573	0.046875	0.002197
-0.727044	0.528593	0.171875	0.029541
-0.761798	0.580336	0.031250	0.000977
-0.754023	0.568551	0.062500	0.003906
-0.751592	0.564890	0.125000	0.015625
-0.715052	0.511299	0.171875	0.029541
-0.743589	0.552925	0.109375	0.011963
-0.722519	0.522034	0.125000	0.015625
-0.754607	0.569431	0.093750	0.008789
-0.742312	0.551027	0.000000	0.000000
-0.740088	0.547731	0.093750	0.008789
-0.736083	0.541819	0.187500	0.035156
-0.753932	0.568413	0.109375	0.011963
-0.710909	0.505392	0.078125	0.006104
-0.707170	0.500090	0.015625	0.000244
-0.727259	0.528906	0.000000	0.000000
-0.727757	0.529630	0.031250	0.000977
-0.717676	0.515059	0.203125	0.041260
-0.744097	0.553680	0.062500	0.003906
-0.722201	0.521574	0.125000	0.015625
-0.753790	0.568200	0.046875	0.002197
-0.742122	0.550745	0.093750	0.008789
-0.757393	0.573645	0.031250	0.000977
-0.717387	0.514645	0.093750	0.008789
-0.742285	0.550987	0.093750	0.008789
-0.755833	0.571283	0.093750	0.008789
-0.755001	0.570026	0.031250	0.000977
-0.771102	0.594598	0.031250	0.000977
-0.742780	0.551722	0.000000	0.000000
-0.711225	0.505841	0.031250	0.000977
-0.768460	0.590531	0.015625	0.000244
-0.741493	0.549812	0.000000	0.000000
-0.717313	0.514538	0.140625	0.019775
-0.733632	0.538215	0.062500	0.003906
-0.727859	0.529778	0.203125	0.041260
-0.753822	0.568247	0.000000	0.000000
-0.739213	0.546435	0.078125	0.006104
-0.724165	0.524415	0.015625	0.000244
-0.733425	0.537913	0.046875	0.002197
-0.750601	0.563402	0.140625	0.019775
-0.736280	0.542108	0.109375	0.011963
-0.735220	0.540549	0.031250	0.000977
-0.728771	0.531107	0.015625	0.000244
-0.745947	0.556437	0.125000	0.015625
-0.719357	0.517475	0.046875	0.002197
-0.744054	0.553616	0.031250	0.000977
-0.708104	0.501411	0.062500	0.003906
-0.752151	0.565731	0.062500	0.003906
-0.758677	0.575592	0.000000	0.000000
-0.753082	0.567133	0.000000	0.000000
-0.733814	0.538483	0.031250	0.000977
-0.734042	0.538818	0.093750	0.008789
-0.735267	0.540617	0.046875	0.002197
-0.756502	0.572296	0.109375	0.011963
-0.775010	0.600641	0.062500	0.003906
-0.746780	0.557680	0.062500	0.003906
-0.726329	0.527554	0.062500	0.003906
-0.719597	0.517820	0.078125	0.006104
-0.751211	0.564319	0.015625	0.000244
-0.770787	0.594112	0.062500	0.003906
-0.747740	0.559115	0.078125	0.006104
-0.736567	0.542531	0.109375	0.011963
-0.713986	0.509776	0.062500	0.003906
-0.725151	0.525844	0.203125	0.041260
-0.761235	0.579478	0.062500	0.003906
-0.732878	0.537110	0.078125	0.006104
-0.738445	0.545302	0.000000	0.000000
-0.745124	0.555210	0.203125	0.041260
-0.723329	0.523205	0.093750	0.008789
-0.745937	0.556422	0.015625	0.000244
-0.728458	0.530651	0.125000	0.015625
-0.732512	0.536574	0.000000	0.000000
-0.759462	0.576782	0.062500	0.003906
-0.734597	0.539633	0.000000	0.000000
-0.750556	0.563335	0.140625	0.019775
-0.736346	0.542205	0.046875	0.002197
-0.743956	0.553471	0.031250	0.000977
-0.743920	0.553417	0.109375	0.011963
-0.724448	0.524825	0.015625	0.000244
-0.725053	0.525702	0.234375	0.054932
-0.736291	0.542124	0.078125	0.006104
-0.757500	0.573806	0.093750	0.008789
-0.746119	0.556694	0.046875	0.002197
-0.745863	0.556312	0.031250	0.000977
-0.730695	0.533915	0.015625	0.000244
-0.707225	0.500167	0.078125	0.006104
-0.740459	0.548279	0.046875	0.002197
-0.722308	0.521729	0.062500	0.003906
-0.747874	0.559315	0.000000	0.000000
-0.739826	0.547342	0.093750	0.008789
-0.725872	0.526890	0.031250	0.000977
-0.737936	0.544550	0.015625	0.000244
-0.750272	0.562908	0.046875	0.002197
-0.733624	0.538205	0.140625	0.019775
-0.724143	0.524383	0.031250	0.000977
-0.753505	0.567770	0.078125	0.006104
-0.752183	0.565779	0.031250	0.000977
-0.751146	0.564220	0.015625	0.000244
-0.740551	0.548416	0.078125	0.006104
-0.729125	0.531623	0.062500	0.003906
-0.749409	0.561613	0.062500	0.003906
-0.729338	0.531934	0.125000	0.015625
-0.722794	0.522431	0.062500	0.003906
-0.705406	0.497598	0.046875	0.002197
-0.714895	0.511075	0.093750	0.008789
-0.741509	0.549836	0.109375	0.011963
-0.706565	0.499234	0.046875	0.002197
-0.732834	0.537045	0.140625	0.019775
-0.735608	0.541119	0.000000	0.000000
-0.722781	0.522412	0.078125	0.006104
-0.732471	0.536514	0.187500	0.035156
-0.718282	0.515929	0.015625	0.000244
-0.758061	0.574656	0.078125	0.006104
-0.733887	0.538590	0.062500	0.003906
-0.728235	0.530327	0.062500	0.003906
-0.724853	0.525412	0.062500	0.003906
-0.724193	0.524456	0.062500	0.003906
-0.747254	0.558388	0.125000	0.015625
-0.724629	0.525087	0.093750	0.008789
-0.730598	0.533774	0.093750	0.008789
-0.728055	0.530064	0.078125	0.006104
-0.737757	0.544285	0.156250	0.024414
-0.740308	0.548056	0.250000	0.062500
-0.720457	0.519058	0.000000	0.000000
-0.727620	0.529431	0.015625	0.000244
-0.706780	0.499538	0.109375	0.011963
-0.725282	0.526034	0.109375	0.011963
-0.727962	0.529928	0.093750	0.008789
-0.756717	0.572621	0.046875	0.002197
-0.731297	0.534795	0.000000	0.000000
-0.698798	0.488318	0.031250	0.000977
-0.739587	0.546990	0.140625	0.019775
-0.727807	0.529704	0.015625	0.000244
-0.743945	0.553454	0.156250	0.024414
-0.743336	0.552548	0.031250	0.000977
-0.706917	0.499731	0.125000	0.015625
-0.730872	0.534173	0.031250	0.000977
-0.726845	0.528303	0.031250	0.000977
-0.723431	0.523353	0.046875	0.002197
-0.730363	0.533430	0.109375	0.011963
-0.729730	0.532506	0.125000	0.015625
-0.751919	0.565382	0.109375	0.011963
-0.725752	0.526716	0.156250	0.024414
-0.727184	0.528797	0.046875	0.002197
-0.713652	0.509300	0.000000	0.000000
-0.743847	0.553308	0.046875	0.002197
-0.707079	0.499960	0.046875	0.002197
-0.733632	0.538216	0.046875	0.002197
-0.712850	0.508155	0.140625	0.019775
-0.720520	0.519150	0.031250	0.000977
-0.719608	0.517835	0.031250	0.000977
-0.701258	0.491763	0.156250	0.024414
-0.743552	0.552870	0.000000	0.000000
-0.725538	0.526406	0.062500	0.003906
-0.703649	0.495122	0.140625	0.019775
-0.710130	0.504284	0.125000	0.015625
-0.738211	0.544955	0.093750	0.008789
-0.733518	0.538049	0.015625	0.000244
-0.732439	0.536467	0.203125	0.041260
-0.724290	0.524595	0.078125	0.006104
-0.728115	0.530151	0.078125	0.006104
-0.753224	0.567347	0.046875	0.002197
-0.730903	0.534219	0.265625	0.070557
-0.726034	0.527126	0.140625	0.019775
-0.733882	0.538582	0.015625	0.000244
-0.734434	0.539393	0.078125	0.006104
-0.737116	0.543339	0.015625	0.000244
-0.746349	0.557036	0.062500	0.003906
-0.719574	0.517786	0.000000	0.000000
-0.736856	0.542956	0.203125	0.041260
-0.731399	0.534945	0.125000	0.015625
-0.762925	0.582054	0.031250	0.000977
-0.746553	0.557341	0.062500	0.003906
-0.723160	0.522960	0.125000	0.015625
-0.734226	0.539088	0.046875	0.002197
-0.747903	0.559359	0.062500	0.003906
-0.728200	0.530275	0.046875	0.002197
-0.733814	0.538482	0.062500	0.003906
-0.734201	0.539051	0.015625	0.000244
-0.768986	0.591340	0.015625	0.000244
-0.698070	0.487301	0.062500	0.003906
-0.745154	0.555255	0.078125	0.006104
-0.732239	0.536174	0.015625	0.000244
-0.708178	0.501516	0.109375	0.011963
-0.723110	0.522887	0.109375	0.011963
-0.698475	0.487868	0.187500	0.035156
-0.758814	0.575799	0.203125	0.041260
-0.744875	0.554839	0.000000	0.000000
-0.722240	0.521631	0.031250	0.000977
-0.731429	0.534988	0.078125	0.006104
-0.741688	0.550101	0.140625	0.019775
-0.729738	0.532518	0.078125	0.006104
-0.748975	0.560964	0.046875	0.002197
-0.747845	0.559273	0.031250	0.000977
-0.750114	0.562670	0.031250	0.000977
-0.750620	0.563430	0.031250	0.000977
-0.750336	0.563004	0.031250	0.000977
-0.725187	0.525896	0.046875	0.002197
-0.718899	0.516816	0.156250	0.024414
-0.736149	0.541916	0.031250	0.000977
-0.732294	0.536254	0.078125	0.006104
-0.745862	0.556311	0.156250	0.024414
-0.721959	0.521225	0.078125	0.006104
-0.736072	0.541802	0.078125	0.006104
-0.743781	0.553210	0.078125	0.006104
-0.742106	0.550721	0.046875	0.002197
-0.739006	0.546131	0.015625	0.000244
-0.724215	0.524487	0.093750	0.008789
-0.749845	0.562267	0.031250	0.000977
-0.721183	0.520105	0.000000	0.000000
-0.720143	0.518606	0.062500	0.003906
-0.728011	0.529999	0.015625	0.000244
-0.757526	0.573846	0.109375	0.011963
-0.719058	0.517044	0.062500	0.003906
-0.734763	0.539876	0.062500	0.003906
-0.723765	0.523836	0.015625	0.000244
-0.727889	0.529822	0.078125	0.006104
-0.755144	0.570242	0.078125	0.006104
-0.724780	0.525306	0.000000	0.000000
-0.734333	0.539245	0.062500	0.003906
-0.748580	0.560372	0.062500	0.003906
-0.734334	0.539246	0.093750	0.008789
-0.741264	0.549472	0.218750	0.047852
-0.733048	0.537360	0.171875	0.029541
-0.718808	0.516685	0.078125	0.006104
-0.767212	0.588614	0.031250	0.000977
-0.754516	0.569295	0.062500	0.003906
-0.731523	0.535126	0.156250	0.024414
-0.711960	0.506888	0.062500	0.003906
-0.742076	0.550677	0.015625	0.000244
-0.730059	0.532986	0.046875	0.002197
-0.727103	0.528679	0.078125	0.006104
-0.714940	0.511140	0.093750	0.008789
-0.721782	0.520969	0.156250	0.024414
-0.725057	0.525707	0.031250	0.000977
-0.756445	0.572209	0.046875	0.002197
-0.708177	0.501515	0.093750	0.008789
-0.728992	0.531429	0.187500	0.035156
-0.734549	0.539563	0.046875	0.002197
-0.701477	0.492069	0.062500	0.003906
-0.727193	0.528810	0.000000	0.000000
-0.750791	0.563688	0.031250	0.000977
-0.754412	0.569138	0.046875	0.002197
-0.733239	0.537640	0.062500	0.003906
-0.754618	0.569449	0.000000	0.000000
-0.717474	0.514769	0.015625	0.000244
-0.730669	0.533877	0.031250	0.000977
-0.726593	0.527938	0.015625	0.000244
-0.767203	0.588600	0.062500	0.003906
-0.733208	0.537594	0.140625	0.019775
-0.762986	0.582147	0.125000	0.015625
-0.719932	0.518303	0.093750	0.008789
-0.742704	0.551609	0.078125	0.006104
-0.746779	0.557678	0.062500	0.003906
-0.735939	0.541606	0.171875	0.029541
-0.762739	0.581771	0.218750	0.047852
-0.720264	0.518780	0.078125	0.006104
-0.731719	0.535413	0.093750	0.008789
-0.725169	0.525871	0.078125	0.006104
-0.736700	0.542726	0.093750	0.008789
-0.768156	0.590063	0.031250	0.000977
-0.738359	0.545174	0.031250	0.000977
-0.765429	0.585882	0.031250	0.000977
-0.733567	0.538120	0.015625	0.000244
-0.738168	0.544892	0.000000	0.000000
-0.721338	0.520329	0.140625	0.019775
-0.737006	0.543178	0.093750	0.008789
-0.720346	0.518898	0.093750	0.008789
-0.729253	0.531810	0.078125	0.006104
-0.754824	0.569759	0.000000	0.000000
-0.715428	0.511837	0.031250	0.000977
-0.722551	0.522080	0.015625	0.000244
-0.723512	0.523470	0.109375	0.011963
-0.742449	0.551230	0.046875	0.002197
-0.713749	0.509437	0.046875	0.002197
-0.725089	0.525754	0.156250	0.024414
-0.723138	0.522929	0.031250	0.000977
-0.739824	0.547340	0.140625	0.019775
-0.732735	0.536901	0.046875	0.002197
-0.712888	0.508210	0.093750	0.008789
-0.695870	0.484235	0.031250	0.000977
-0.735638	0.541163	0.031250	0.000977
-0.744843	0.554792	0.062500	0.003906
-0.742781	0.551724	0.093750	0.008789
-0.742187	0.550842	0.093750	0.008789
-0.744666	0.554528	0.078125	0.006104
-0.724891	0.525467	0.156250	0.024414
-0.740923	0.548967	0.000000	0.000000
-0.733725	0.538353	0.093750	0.008789
-0.764110	0.583864	0.093750	0.008789
-0.749788	0.562182	0.125000	0.015625
-0.726142	0.527282	0.078125	0.006104
-0.762306	0.581110	0.109375	0.011963
-0.737500	0.543906	0.062500	0.003906
-0.754109	0.568681	0.000000	0.000000
-0.735374	0.540775	0.046875	0.002197
-0.737486	0.543885	0.015625	0.000244
-0.723892	0.524020	0.078125	0.006104
-0.762125	0.580834	0.156250	0.024414
-0.744282	0.553955	0.078125	0.006104
-0.745159	0.555263	0.140625	0.019775
-0.719813	0.518131	0.015625	0.000244
-0.712591	0.507785	0.062500	0.003906
-0.731215	0.534676	0.093750	0.008789
-0.717942	0.515441	0.031250	0.000977
-0.754820	0.569753	0.062500	0.003906
-0.738160	0.544881	0.015625	0.000244
-0.730603	0.533781	0.046875	0.002197
-0.719244	0.517313	0.015625	0.000244
-0.745441	0.555682	0.093750	0.008789
-0.745964	0.556463	0.078125	0.006104
-0.733936	0.538662	0.000000	0.000000
-0.750243	0.562864	0.062500	0.003906
-0.719877	0.518223	0.015625	0.000244
-0.733965	0.538705	0.062500	0.003906
-0.732620	0.536732	0.062500	0.003906
-0.750592	0.563389	0.000000	0.000000
-0.726930	0.528427	0.000000	0.000000
-0.730938	0.534270	0.062500	0.003906
-0.751955	0.565437	0.015625	0.000244
-0.725673	0.526601	0.171875	0.029541
-0.712681	0.507914	0.046875	0.002197
-0.763332	0.582676	0.000000	0.000000
-0.728729	0.531045	0.046875	0.002197
-0.738541	0.545443	0.062500	0.003906
-0.718399	0.516097	0.015625	0.000244
-0.737365	0.543707	0.078125	0.006104
-0.714643	0.510714	0.015625	0.000244
-0.726834	0.528288	0.171875	0.029541
-0.749533	0.561800	0.046875	0.002197
-0.756901	0.572899	0.062500	0.003906
-0.719897	0.518251	0.156250	0.024414
-0.756480	0.572261	0.000000	0.000000
-0.747416	0.558631	0.000000	0.000000
-0.725232	0.525961	0.078125	0.006104
-0.758829	0.575821	0.031250	0.000977
-0.718193	0.515802	0.078125	0.006104
-0.732210	0.536131	0.093750	0.008789
-0.737450	0.543833	0.093750	0.008789
-0.735942	0.541610	0.093750	0.008789
-0.725943	0.526993	0.015625	0.000244
-0.761260	0.579516	0.125000	0.015625
-0.717557	0.514888	0.093750	0.008789
-0.732920	0.537172	0.031250	0.000977
-0.721324	0.520309	0.031250	0.000977
-0.734475	0.539454	0.031250	0.000977
-0.762382	0.581226	0.015625	0.000244
-0.712575	0.507763	0.125000	0.015625
-0.723964	0.524124	0.031250	0.000977
-0.742572	0.551414	0.078125	0.006104
-0.728362	0.530511	0.015625	0.000244
-0.725367	0.526157	0.125000	0.015625
-0.715204	0.511517	0.078125	0.006104
-0.722313	0.521736	0.031250	0.000977
-0.727970	0.529941	0.046875	0.002197
-0.738149	0.544864	0.078125	0.006104
-0.716303	0.513090	0.046875	0.002197
-0.742525	0.551343	0.156250	0.024414
-0.712827	0.508122	0.015625	0.000244
-0.738330	0.545131	0.093750	0.008789
-0.736490	0.542417	0.046875	0.002197
-0.769881	0.592717	0.031250	0.000977
-0.729109	0.531600	0.015625	0.000244
-0.702747	0.493854	0.046875	0.002197
-0.759171	0.576340	0.062500	0.003906
-0.752014	0.565525	0.062500	0.003906
-0.733963	0.538702	0.203125	0.041260
-0.734790	0.539917	0.046875	0.002197
-0.745439	0.555679	0.093750	0.008789
-0.732223	0.536151	0.046875	0.002197
-0.742185	0.550838	0.234375	0.054932
-0.751833	0.565253	0.031250	0.000977
-0.722747	0.522363	0.140625	0.019775
-0.719328	0.517433	0.046875	0.002197
-0.720955	0.519776	0.187500	0.035156
-0.769225	0.591708	0.031250	0.000977
-0.715223	0.511544	0.140625	0.019775
-0.727600	0.529401	0.046875	0.002197
-0.732701	0.536851	0.046875	0.002197
-0.729475	0.532134	0.125000	0.015625
-0.755669	0.571036	0.031250	0.000977
-0.753355	0.567543	0.078125	0.006104
-0.751533	0.564802	0.000000	0.000000
-0.742411	0.551174	0.015625	0.000244
-0.732592	0.536691	0.078125	0.006104
-0.751090	0.564136	0.031250	0.000977
-0.727189	0.528803	0.046875	0.002197
-0.722062	0.521373	0.125000	0.015625
-0.760212	0.577922	0.031250	0.000977
-0.708507	0.501982	0.109375	0.011963
-0.741867	0.550367	0.078125	0.006104
-0.725130	0.525814	0.156250	0.024414
-0.738910	0.545988	0.078125	0.006104
-0.738277	0.545053	0.046875	0.002197
-0.729175	0.531696	0.015625	0.000244
-0.712794	0.508076	0.171875	0.029541
-0.732124	0.536005	0.078125	0.006104
-0.718204	0.515817	0.062500	0.003906
-0.732279	0.536232	0.062500	0.003906
-0.711399	0.506088	0.078125	0.006104
-0.719923	0.518289	0.062500	0.003906
-0.723876	0.523996	0.062500	0.003906
-0.743824	0.553275	0.015625	0.000244
-0.744641	0.554490	0.046875	0.002197
-0.727459	0.529197	0.109375	0.011963
-0.735499	0.540958	0.078125	0.006104
-0.750795	0.563693	0.093750	0.008789
-0.742361	0.551100	0.093750	0.008789
-0.725539	0.526407	0.109375	0.011963
-0.731392	0.534934	0.140625	0.019775
-0.732826	0.537035	0.093750	0.008789
-0.761918	0.580519	0.078125	0.006104
-0.731789	0.535514	0.109375	0.011963
-0.776497	0.602948	0.062500	0.003906
-0.728873	0.531256	0.171875	0.029541
-0.730874	0.534176	0.062500	0.003906
-0.750666	0.563500	0.046875	0.002197
-0.732392	0.536398	0.046875	0.002197
-0.724076	0.524286	0.015625	0.000244
-0.743981	0.553508	0.031250	0.000977
-0.722321	0.521747	0.046875	0.002197
-0.750531	0.563297	0.125000	0.015625
-0.741192	0.549366	0.046875	0.002197
-0.718333	0.516002	0.156250	0.024414
-0.720412	0.518993	0.046875	0.002197
-0.734510	0.539505	0.218750	0.047852
-0.705553	0.497805	0.078125	0.006104
-0.736819	0.542902	0.015625	0.000244
-0.740533	0.548389	0.031250	0.000977
-0.723574	0.523559	0.031250	0.000977
-0.734892	0.540066	0.062500	0.003906
-0.731281	0.534771	0.046875	0.002197
-0.719931	0.518301	0.078125	0.006104
-0.728022	0.530016	0.109375	0.011963
-0.722294	0.521709	0.015625	0.000244
-0.729948	0.532824	0.078125	0.006104
-0.755226	0.570366	0.062500	0.003906
-0.733177	0.537549	0.125000	0.015625
-0.749320	0.561481	0.062500	0.003906
-0.709679	0.503644	0.125000	0.015625
-0.750008	0.562512	0.109375	0.011963
-0.736971	0.543127	0.062500	0.003906
-0.753603	0.567917	0.078125	0.006104
-0.725906	0.526939	0.125000	0.015625
-0.734204	0.539056	0.031250	0.000977
-0.710575	0.504917	0.109375	0.011963
-0.745307	0.555482	0.093750	0.008789
-0.759126	0.576272	0.015625	0.000244
-0.754187	0.568798	0.125000	0.015625
-0.729045	0.531507	0.031250	0.000977
-0.737315	0.543634	0.109375	0.011963
-0.745512	0.555788	0.062500	0.003906
-0.722813	0.522459	0.062500	0.003906
-0.726456	0.527739	0.203125	0.041260
-0.715780	0.512340	0.015625	0.000244
-0.747644	0.558971	0.078125	0.006104
-0.754411	0.569136	0.125000	0.015625
-0.730663	0.533868	0.140625	0.019775
-0.754827	0.569764	0.015625	0.000244
-0.741454	0.549754	0.078125	0.006104
-0.721715	0.520872	0.062500	0.003906
-0.727213	0.528838	0.062500	0.003906
-0.716078	0.512768	0.031250	0.000977
-0.734495	0.539484	0.031250	0.000977
-0.733133	0.537484	0.062500	0.003906
-0.739342	0.546627	0.000000	0.000000
-0.733111	0.537451	0.109375	0.011963
-0.733975	0.538719	0.046875	0.002197
-0.736970	0.543125	0.062500	0.003906
-0.719079	0.517075	0.062500	0.003906
-0.732902	0.537145	0.125000	0.015625
-0.742149	0.550786	0.046875	0.002197
-0.714615	0.510675	0.140625	0.019775
-0.731841	0.535592	0.062500	0.003906
-0.731745	0.535451	0.000000	0.000000
-0.711691	0.506504	0.046875	0.002197
-0.746318	0.556991	0.046875	0.002197
-0.747221	0.558339	0.000000	0.000000
-0.740415	0.548215	0.046875	0.002197
-0.722708	0.522306	0.015625	0.000244
-0.743064	0.552144	0.046875	0.002197
-0.720044	0.518463	0.062500	0.003906
-0.758573	0.575434	0.015625	0.000244
-0.712776	0.508050	0.000000	0.000000
-0.744804	0.554733	0.093750	0.008789
-0.748070	0.559609	0.015625	0.000244
-0.747411	0.558623	0.031250	0.000977
-0.736974	0.543131	0.015625	0.000244
-0.750306	0.562959	0.125000	0.015625
-0.714996	0.511219	0.046875	0.002197
-0.726529	0.527845	0.093750	0.008789
-0.713619	0.509252	0.031250	0.000977
-0.737239	0.543522	0.109375	0.011963
-0.751003	0.564006	0.062500	0.003906
-0.729513	0.532189	0.062500	0.003906
-0.713497	0.509078	0.093750	0.008789
-0.728354	0.530499	0.046875	0.002197
-0.751515	0.564775	0.046875	0.002197
-0.708922	0.502571	0.031250	0.000977
-0.741787	0.550247	0.062500	0.003906
-0.754983	0.569999	0.062500	0.003906
-0.758192	0.574855	0.015625	0.000244
-0.746951	0.557936	0.031250	0.000977
-0.722153	0.521504	0.078125	0.006104
-0.745741	0.556129	0.000000	0.000000
-0.722704	0.522301	0.031250	0.000977
-0.723389	0.523292	0.078125	0.006104
-0.725437	0.526259	0.000000	0.000000
-0.756289	0.571973	0.015625	0.000244
-0.726047	0.527144	0.015625	0.000244
-0.736339	0.542196	0.046875	0.002197
-0.759584	0.576968	0.015625	0.000244
-0.752157	0.565741	0.062500	0.003906
-0.733809	0.538476	0.109375	0.011963
-0.730624	0.533812	0.078125	0.006104
-0.737072	0.543276	0.046875	0.002197
-0.717323	0.514552	0.109375	0.011963
-0.724017	0.524200	0.015625	0.000244
-0.740506	0.548350	0.125000	0.015625
-0.703727	0.495232	0.046875	0.002197
-0.742761	0.551693	0.031250	0.000977
-0.741267	0.549477	0.093750	0.008789
-0.720222	0.518720	0.031250	0.000977
-0.764346	0.584224	0.093750	0.008789
-0.728122	0.530162	0.046875	0.002197
-0.722646	0.522217	0.078125	0.006104
-0.755301	0.570479	0.140625	0.019775
-0.728949	0.531367	0.031250	0.000977
-0.733248	0.537653	0.125000	0.015625
-0.781337	0.610487	0.031250	0.000977
-0.744225	0.553871	0.015625	0.000244
-0.720168	0.518642	0.125000	0.015625
-0.732192	0.536104	0.109375	0.011963
-0.736359	0.542224	0.031250	0.000977
-0.730418	0.533510	0.062500	0.003906
-0.712968	0.508324	0.046875	0.002197
-0.753658	0.568001	0.031250	0.000977
-0.716335	0.513137	0.203125	0.041260
-0.741008	0.549093	0.062500	0.003906
-0.754929	0.569918	0.000000	0.000000
-0.737585	0.544032	0.046875	0.002197
-0.723422	0.523339	0.140625	0.019775
-0.723418	0.523334	0.046875	0.002197
-0.740081	0.547719	0.078125	0.006104
-0.727472	0.529216	0.109375	0.011963
-0.728982	0.531415	0.140625	0.019775
-0.737928	0.544538	0.015625	0.000244
-0.756182	0.571811	0.046875	0.002197
-0.725379	0.526175	0.062500	0.003906
-0.741905	0.550424	0.171875	0.029541
-0.700416	0.490582	0.031250	0.000977
-0.735081	0.540345	0.078125	0.006104
-0.733687	0.538296	0.000000	0.000000
-0.723054	0.522807	0.078125	0.006104
-0.726073	0.527182	0.000000	0.000000
-0.729388	0.532007	0.125000	0.015625
-0.722298	0.521714	0.062500	0.003906
-0.733587	0.538150	0.015625	0.000244
-0.747348	0.558529	0.062500	0.003906
-0.758384	0.575146	0.031250	0.000977
-0.717569	0.514905	0.062500	0.003906
-0.729494	0.532161	0.140625	0.019775
-0.738948	0.546045	0.078125	0.006104
-0.739484	0.546836	0.109375	0.011963
-0.726663	0.528039	0.171875	0.029541
-0.743462	0.552736	0.078125	0.006104
-0.701878	0.492633	0.046875	0.002197
-0.739487	0.546841	0.109375	0.011963
-0.720836	0.519605	0.156250	0.024414
-0.717607	0.514960	0.125000	0.015625
-0.744192	0.553821	0.109375	0.011963
-0.767710	0.589379	0.171875	0.029541
-0.721917	0.521165	0.218750	0.047852
-0.740945	0.549000	0.046875	0.002197
-0.721058	0.519924	0.140625	0.019775
-0.731344	0.534864	0.015625	0.000244
-0.739327	0.546605	0.078125	0.006104
-0.722548	0.522075	0.000000	0.000000
-0.742125	0.550750	0.015625	0.000244
-0.739585	0.546986	0.015625	0.000244
-0.702418	0.493391	0.203125	0.041260
-0.742410	0.551173	0.078125	0.006104
-0.743888	0.553370	0.062500	0.003906
-0.743462	0.552735	0.046875	0.002197
-0.737493	0.543896	0.031250	0.000977
-0.721015	0.519862	0.250000	0.062500
-0.733665	0.538264	0.109375	0.011963
-0.747217	0.558334	0.000000	0.000000
-0.747657	0.558991	0.062500	0.003906
-0.747131	0.558205	0.015625	0.000244
-0.722894	0.522576	0.015625	0.000244
-0.744526	0.554319	0.031250	0.000977
-0.732353	0.536341	0.093750	0.008789
-0.718562	0.516332	0.218750	0.047852
-0.722379	0.521832	0.062500	0.003906
-0.737658	0.544139	0.125000	0.015625
-0.730036	0.532953	0.015625	0.000244
-0.749981	0.562471	0.062500	0.003906
-0.737053	0.543246	0.125000	0.015625
-0.706153	0.498652	0.015625	0.000244
-0.753843	0.568279	0.125000	0.015625
-0.748772	0.560660	0.046875	0.002197
-0.735489	0.540944	0.140625	0.019775
-0.736389	0.542268	0.046875	0.002197
-0.724314	0.524630	0.140625	0.019775
-0.738087	0.544772	0.046875	0.002197
-0.721311	0.520289	0.109375	0.011963
-0.731420	0.534975	0.046875	0.002197
-0.740965	0.549029	0.093750	0.008789
-0.744045	0.553603	0.015625	0.000244
-0.734805	0.539938	0.171875	0.029541
-0.788551	0.621812	0.265625	0.070557
-0.720674	0.519371	0.140625	0.019775
-0.721037	0.519894	0.046875	0.002197
-0.738309	0.545100	0.078125	0.006104
-0.727075	0.528638	0.000000	0.000000
-0.721539	0.520619	0.031250	0.000977
-0.748322	0.559985	0.046875	0.002197
-0.720657	0.519347	0.031250	0.000977
-0.735506	0.540969	0.015625	0.000244
-0.737801	0.544350	0.000000	0.000000
-0.748599	0.560400	0.093750	0.008789
-0.719658	0.517908	0.343750	0.118164
-0.738080	0.544762	0.171875	0.029541
-0.744490	0.554266	0.046875	0.002197
-0.745349	0.555545	0.171875	0.029541
-0.759875	0.577410	0.031250	0.000977
-0.726368	0.527610	0.078125	0.006104
-0.735762	0.541346	0.093750	0.008789
-0.725543	0.526413	0.062500	0.003906
-0.727779	0.529662	0.078125	0.006104
-0.751640	0.564962	0.015625	0.000244
-0.718072	0.515627	0.046875	0.002197
-0.762070	0.580751	0.156250	0.024414
-0.725718	0.526667	0.093750	0.008789
-0.749738	0.562107	0.062500	0.003906
-0.731317	0.534824	0.156250	0.024414
-0.742940	0.551960	0.078125	0.006104
-0.726943	0.528447	0.203125	0.041260
-0.717602	0.514953	0.078125	0.006104
-0.733162	0.537526	0.000000	0.000000
-0.733563	0.538115	0.156250	0.024414
-0.703829	0.495375	0.046875	0.002197
-0.727203	0.528824	0.046875	0.002197
-0.727802	0.529696	0.171875	0.029541
-0.712677	0.507908	0.171875	0.029541
-0.739740	0.547216	0.203125	0.041260
-0.744786	0.554706	0.109375	0.011963
-0.734156	0.538985	0.000000	0.000000
-0.737810	0.544363	0.109375	0.011963
-0.733656	0.538251	0.203125	0.041260
-0.733294	0.537721	0.171875	0.029541
-0.751617	0.564928	0.156250	0.024414
-0.743136	0.552251	0.093750	0.008789
-0.714221	0.510111	0.015625	0.000244
-0.722269	0.521672	0.093750	0.008789
-0.747927	0.559395	0.109375	0.011963
-0.747161	0.558249	0.031250	0.000977
-0.728275	0.530385	0.000000	0.000000
-0.711568	0.506329	0.000000	0.000000
-0.755660	0.571022	0.015625	0.000244
-0.725106	0.525779	0.093750	0.008789
-0.721240	0.520188	0.062500	0.003906
-0.728407	0.530576	0.046875	0.002197
-0.768261	0.590225	0.078125	0.006104
-0.773764	0.598711	0.031250	0.000977
-0.749969	0.562453	0.015625	0.000244
-0.757879	0.574380	0.078125	0.006104
-0.755796	0.571228	0.093750	0.008789
-0.737137	0.543371	0.093750	0.008789
-0.749036	0.561055	0.015625	0.000244
-0.719631	0.517869	0.093750	0.008789
-0.744292	0.553970	0.015625	0.000244
-0.728034	0.530034	0.046875	0.002197
-0.741413	0.549693	0.000000	0.000000
-0.742975	0.552012	0.015625	0.000244
-0.729272	0.531837	0.046875	0.002197
-0.747425	0.558644	0.187500	0.035156
-0.718272	0.515915	0.046875	0.002197
-0.719185	0.517227	0.093750	0.008789
-0.731175	0.534618	0.000000	0.000000
-0.713222	0.508685	0.140625	0.019775
-0.718024	0.515559	0.031250	0.000977
-0.732525	0.536593	0.078125	0.006104
-0.756067	0.571638	0.093750	0.008789
-0.728123	0.530163	0.062500	0.003906
-0.742331	0.551056	0.078125	0.006104
-0.731309	0.534813	0.031250	0.000977
-0.718284	0.515932	0.125000	0.015625
-0.735767	0.541353	0.093750	0.008789
-0.729891	0.532740	0.031250	0.000977
-0.732973	0.537249	0.140625	0.019775
-0.722176	0.521538	0.031250	0.000977
-0.717477	0.514773	0.015625	0.000244
-0.747957	0.559440	0.078125	0.006104
-0.737422	0.543791	0.062500	0.003906
-0.715218	0.511537	0.062500	0.003906
-0.726062	0.527166	0.125000	0.015625
-0.751032	0.564049	0.062500	0.003906
-0.732765	0.536945	0.015625	0.000244
-0.746236	0.556868	0.062500	0.003906
-0.727296	0.528959	0.093750	0.008789
-0.729853	0.532685	0.000000	0.000000
-0.722090	0.521415	0.156250	0.024414
-0.741671	0.550076	0.015625	0.000244
-0.736608	0.542591	0.140625	0.019775
-0.718670	0.516486	0.015625	0.000244
-0.769796	0.592586	0.015625	0.000244
-0.700834	0.491168	0.125000	0.015625
-0.736821	0.542905	0.062500	0.003906
-0.718230	0.515854	0.000000	0.000000
-0.749936	0.562403	0.125000	0.015625
-0.719900	0.518256	0.250000	0.062500
-0.749424	0.561636	0.031250	0.000977
-0.736366	0.542236	0.093750	0.008789
-0.734633	0.539686	0.046875	0.002197
-0.741379	0.549643	0.062500	0.003906
-0.741665	0.550066	0.000000	0.000000
-0.714340	0.510282	0.031250	0.000977
-0.738272	0.545046	0.046875	0.002197
-0.762816	0.581889	0.015625	0.000244
-0.726728	0.528133	0.015625	0.000244
-0.754763	0.569667	0.031250	0.000977
-0.718216	0.515834	0.046875	0.002197
-0.723897	0.524026	0.046875	0.002197
-0.748645	0.560470	0.109375	0.011963
-0.704823	0.496775	0.015625	0.000244
-0.720631	0.519309	0.140625	0.019775
-0.745231	0.555369	0.109375	0.011963
-0.717315	0.514541	0.000000	0.000000
-0.719395	0.517529	0.046875	0.002197
-0.717604	0.514955	0.093750	0.008789
-0.734661	0.539727	0.109375	0.011963
-0.723421	0.523338	0.046875	0.002197
-0.722111	0.521445	0.062500	0.003906
-0.739546	0.546928	0.046875	0.002197
-0.758648	0.575546	0.125000	0.015625
-0.707760	0.500924	0.015625	0.000244
-0.737661	0.544144	0.046875	0.002197
-0.732810	0.537011	0.078125	0.006104
-0.714261	0.510168	0.046875	0.002197
-0.736268	0.542091	0.015625	0.000244
-0.763242	0.582538	0.046875	0.002197
-0.739771	0.547261	0.093750	0.008789
-0.771032	0.594490	0.093750	0.008789
-0.718228	0.515852	0.062500	0.003906
-0.720011	0.518416	0.140625	0.019775
-0.717807	0.515247	0.031250	0.000977
-0.719571	0.517783	0.062500	0.003906
-0.734042	0.538818	0.093750	0.008789
-0.724616	0.525068	0.015625	0.000244
-0.722167	0.521525	0.031250	0.000977
-0.715779	0.512340	0.140625	0.019775
-0.719255	0.517328	0.015625	0.000244
-0.732967	0.537241	0.031250	0.000977
-0.712501	0.507657	0.015625	0.000244
-0.763239	0.582533	0.109375	0.011963
-0.714694	0.510788	0.078125	0.006104
-0.745991	0.556503	0.093750	0.008789
-0.732330	0.536307	0.078125	0.006104
-0.744030	0.553580	0.187500	0.035156
-0.717755	0.515173	0.140625	0.019775
-0.733412	0.537893	0.062500	0.003906
-0.729905	0.532762	0.031250	0.000977
-0.736287	0.542118	0.078125	0.006104
-0.730755	0.534003	0.109375	0.011963
-0.715912	0.512530	0.187500	0.035156
-0.731366	0.534896	0.078125	0.006104
-0.744091	0.553672	0.093750	0.008789
-0.711214	0.505826	0.125000	0.015625
-0.746474	0.557223	0.078125	0.006104
-0.720977	0.519808	0.218750	0.047852
-0.727455	0.529191	0.093750	0.008789
-0.730484	0.533607	0.078125	0.006104
-0.719855	0.518192	0.046875	0.002197
-0.749694	0.562041	0.125000	0.015625
-0.720429	0.519019	0.078125	0.006104
-0.753648	0.567985	0.125000	0.015625
-0.755190	0.570311	0.015625	0.000244
-0.729008	0.531453	0.031250	0.000977
-0.684211	0.468144	0.156250	0.024414
-0.746972	0.557967	0.000000	0.000000
-0.706964	0.499799	0.015625	0.000244
-0.726536	0.527854	0.000000	0.000000
-0.722917	0.522609	0.031250	0.000977
-0.720305	0.518839	0.078125	0.006104
-0.723782	0.523861	0.156250	0.024414
-0.713939	0.509709	0.031250	0.000977
-0.726602	0.527951	0.062500	0.003906
-0.782182	0.611809	0.171875	0.029541
-0.725473	0.526310	0.093750	0.008789
-0.741172	0.549337	0.015625	0.000244
-0.730996	0.534356	0.156250	0.024414
-0.732923	0.537176	0.015625	0.000244
-0.761217	0.579452	0.031250	0.000977
-0.753987	0.568497	0.046875	0.002197
-0.745400	0.555621	0.031250	0.000977
-0.723175	0.522982	0.031250	0.000977
-0.736011	0.541712	0.046875	0.002197
-0.756324	0.572026	0.140625	0.019775
-0.723835	0.523937	0.093750	0.008789
-0.764413	0.584327	0.171875	0.029541
-0.759200	0.576385	0.062500	0.003906
-0.741978	0.550532	0.000000	0.000000
-0.724061	0.524265	0.031250	0.000977
-0.758705	0.575633	0.093750	0.008789
-0.761904	0.580497	0.046875	0.002197
-0.765751	0.586374	0.109375	0.011963
-0.767496	0.589051	0.171875	0.029541
-0.734154	0.538982	0.171875	0.029541
-0.726272	0.527471	0.140625	0.019775
-0.748705	0.560559	0.031250	0.000977
-0.719516	0.517704	0.031250	0.000977
-0.706260	0.498804	0.093750	0.008789
-0.758542	0.575387	0.046875	0.002197
-0.723723	0.523775	0.046875	0.002197
-0.739373	0.546672	0.140625	0.019775
-0.722357	0.521799	0.078125	0.006104
-0.735681	0.541227	0.046875	0.002197
-0.715327	0.511693	0.203125	0.041260
-0.723508	0.523464	0.093750	0.008789
-0.741777	0.550233	0.234375	0.054932
-0.723181	0.522991	0.031250	0.000977
-0.703800	0.495334	0.031250	0.000977
-0.745850	0.556292	0.015625	0.000244
-0.727571	0.529359	0.031250	0.000977
-0.743923	0.553421	0.187500	0.035156
-0.739030	0.546165	0.125000	0.015625
-0.732354	0.536343	0.031250	0.000977
-0.740891	0.548920	0.015625	0.000244
-0.742614	0.551476	0.031250	0.000977
-0.734813	0.539950	0.031250	0.000977
-0.711767	0.506612	0.078125	0.006104
-0.724501	0.524901	0.015625	0.000244
-0.741560	0.549912	0.109375	0.011963
-0.725150	0.525843	0.062500	0.003906
-0.740931	0.548978	0.093750	0.008789
-0.760493	0.578350	0.031250	0.000977
-0.737701	0.544203	0.078125	0.006104
-0.732269	0.536218	0.031250	0.000977
-0.756842	0.572810	0.093750	0.008789
-0.715625	0.512119	0.171875	0.029541
-0.710794	0.505228	0.125000	0.015625
-0.743399	0.552642	0.015625	0.000244
-0.727547	0.529325	0.062500	0.003906
-0.727029	0.528571	0.078125	0.006104
-0.740025	0.547637	0.031250	0.000977
-0.718954	0.516895	0.078125	0.006104
-0.722555	0.522085	0.125000	0.015625
-0.734844	0.539996	0.125000	0.015625
-0.727968	0.529937	0.031250	0.000977
-0.704759	0.496685	0.015625	0.000244
-0.723563	0.523543	0.109375	0.011963
-0.719331	0.517437	0.062500	0.003906
-0.734286	0.539176	0.000000	0.000000
-0.740743	0.548700	0.031250	0.000977
-0.743058	0.552136	0.093750	0.008789
-0.720295	0.518825	0.078125	0.006104
-0.743807	0.553249	0.015625	0.000244
-0.734127	0.538943	0.109375	0.011963
-0.743566	0.552890	0.046875	0.002197
-0.745784	0.556193	0.000000	0.000000
-0.723590	0.523583	0.078125	0.006104
-0.743749	0.553162	0.015625	0.000244
-0.757897	0.574408	0.015625	0.000244
-0.709559	0.503474	0.078125	0.006104
-0.734323	0.539230	0.062500	0.003906
-0.738142	0.544854	0.156250	0.024414
-0.745378	0.555589	0.046875	0.002197
-0.751083	0.564126	0.062500	0.003906
-0.718022	0.515556	0.046875	0.002197
-0.744583	0.554403	0.046875	0.002197
-0.728756	0.531085	0.000000	0.000000
-0.725150	0.525842	0.125000	0.015625
-0.719071	0.517063	0.078125	0.006104
-0.767379	0.588870	0.109375	0.011963
-0.729370	0.531980	0.062500	0.003906
-0.733725	0.538352	0.109375	0.011963
-0.730931	0.534260	0.062500	0.003906
-0.737025	0.543206	0.046875	0.002197
-0.714341	0.510283	0.031250	0.000977
-0.730399	0.533482	0.062500	0.003906
-0.740116	0.547772	0.078125	0.006104
-0.712183	0.507205	0.109375	0.011963
-0.753435	0.567664	0.000000	0.000000
-0.732641	0.536763	0.156250	0.024414
-0.736489	0.542416	0.000000	0.000000
-0.735859	0.541488	0.109375	0.011963
-0.727073	0.528636	0.109375	0.011963
-0.724228	0.524506	0.203125	0.041260
-0.727537	0.529310	0.062500	0.003906
-0.701838	0.492577	0.031250	0.000977
-0.746972	0.557967	0.093750	0.008789
-0.728180	0.530246	0.125000	0.015625
-0.719342	0.517453	0.109375	0.011963
-0.718130	0.515710	0.046875	0.002197
-0.727376	0.529076	0.031250	0.000977
-0.736648	0.542650	0.046875	0.002197
-0.733819	0.538491	0.000000	0.000000
-0.713621	0.509255	0.000000	0.000000
-0.716577	0.513483	0.125000	0.015625
-0.718726	0.516567	0.046875	0.002197
-0.759200	0.576385	0.015625	0.000244
-0.734128	0.538945	0.062500	0.003906
-0.735172	0.540478	0.109375	0.011963
-0.707568	0.500652	0.031250	0.000977
-0.733554	0.538101	0.078125	0.006104
-0.744713	0.554598	0.078125	0.006104
-0.736340	0.542196	0.031250	0.000977
-0.713083	0.508488	0.140625	0.019775
-0.712010	0.506958	0.078125	0.006104
-0.744001	0.553537	0.125000	0.015625
-0.736199	0.541989	0.031250	0.000977
-0.746377	0.557079	0.171875	0.029541
-0.730407	0.533494	0.078125	0.006104
-0.759321	0.576569	0.109375	0.011963
-0.760505	0.578367	0.156250	0.024414
-0.736352	0.542215	0.062500	0.003906
-0.733591	0.538155	0.046875	0.002197
-0.776030	0.602223	0.109375	0.011963
-0.746202	0.556817	0.078125	0.006104
-0.740561	0.548430	0.062500	0.003906
-0.771039	0.594501	0.015625	0.000244
-0.763980	0.583666	0.031250	0.000977
-0.740945	0.548999	0.140625	0.019775
-0.735694	0.541246	0.171875	0.029541
-0.735820	0.541431	0.031250	0.000977
-0.735235	0.540571	0.078125	0.006104
-0.713873	0.509614	0.000000	0.000000
-0.738748	0.545749	0.062500	0.003906
-0.712629	0.507841	0.062500	0.003906
-0.741589	0.549954	0.093750	0.008789
-0.742478	0.551273	0.109375	0.011963
-0.725517	0.526374	0.093750	0.008789
-0.712967	0.508322	0.125000	0.015625
-0.716018	0.512682	0.062500	0.003906
-0.728991	0.531427	0.031250	0.000977
-0.717202	0.514379	0.015625	0.000244
-0.715298	0.511651	0.093750	0.008789
-0.717663	0.515040	0.046875	0.002197
-0.725920	0.526959	0.031250	0.000977
-0.727735	0.529599	0.031250	0.000977
-0.721604	0.520713	0.140625	0.019775
-0.718392	0.516088	0.015625	0.000244
-0.734639	0.539694	0.015625	0.000244
-0.729889	0.532738	0.109375	0.011963
-0.737140	0.543375	0.171875	0.029541
-0.727107	0.528685	0.109375	0.011963
-0.729275	0.531842	0.015625	0.000244
-0.725211	0.525931	0.000000	0.000000
-0.745350	0.555546	0.078125	0.006104
-0.737745	0.544268	0.046875	0.002197
-0.704352	0.496112	0.015625	0.000244
-0.731708	0.535396	0.203125	0.041260
-0.734279	0.539166	0.046875	0.002197
-0.739009	0.546134	0.187500	0.035156
-0.715392	0.511785	0.109375	0.011963
-0.715637	0.512137	0.046875	0.002197
-0.738107	0.544802	0.078125	0.006104
-0.739447	0.546782	0.062500	0.003906
-0.714291	0.510212	0.015625	0.000244
-0.727619	0.529429	0.062500	0.003906
-0.726262	0.527457	0.031250	0.000977
-0.729583	0.532291	0.171875	0.029541
-0.716700	0.513659	0.140625	0.019775
-0.729814	0.532628	0.125000	0.015625
-0.742586	0.551434	0.000000	0.000000
-0.736573	0.542540	0.062500	0.003906
-0.716819	0.513830	0.000000	0.000000
-0.745411	0.555638	0.031250	0.000977
-0.720368	0.518930	0.031250	0.000977
-0.744688	0.554560	0.078125	0.006104
-0.743976	0.553500	0.093750	0.008789
