# Energy	Energy^2	Magnetic	Magnet^2
-0.765696	0.586291	0.250000	0.062500
-0.677270	0.458694	0.062500	0.003906
-0.795996	0.633609	0.000000	0.000000
-0.614515	0.377629	0.187500	0.035156
-0.701066	0.491494	0.125000	0.015625
-0.742628	0.551496	0.187500	0.035156
-0.651565	0.424537	0.000000	0.000000
-0.667382	0.445398	0.187500	0.035156
-0.662661	0.439120	0.312500	0.097656
-0.793193	0.629154	0.125000	0.015625
-0.674427	0.454851	0.187500	0.035156
-0.588806	0.346692	0.062500	0.003906
-0.686483	0.471259	0.000000	0.000000
-0.671703	0.451185	0.062500	0.003906
-0.643089	0.413564	0.312500	0.097656
-0.679849	0.462194	0.125000	0.015625
-0.654740	0.428685	0.062500	0.003906
-0.666671	0.444450	0.000000	0.000000
-0.657583	0.432416	0.375000	0.140625
-0.682599	0.465942	0.437500	0.191406
-0.694289	0.482037	0.125000	0.015625
-0.713021	0.508399	0.062500	0.003906
-0.746969	0.557963	0.187500	0.035156
-0.720294	0.518824	0.437500	0.191406
-0.675052	0.455696	0.062500	0.003906
-0.662005	0.438251	0.250000	0.062500
-0.794375	0.631032	0.000000	0.000000
-0.695212	0.483320	0.187500	0.035156
-0.644493	0.415371	0.125000	0.015625
-0.692475	0.479522	0.125000	0.015625
-0.670768	0.449930	0.062500	0.003906
-0.784117	0.614839	0.187500	0.035156
-0.653216	0.426692	0.125000	0.015625
-0.684649	0.468745	0.062500	0.003906
-0.726544	0.527867	0.062500	0.003906
-0.614376	0.377457	0.000000	0.000000
-0.686298	0.471005	0.125000	0.015625
-0.630368	0.397363	0.250000	0.062500
-0.612896	0.375642	0.062500	0.003906
-0.714422	0.510398	0.062500	0.003906
-0.684341	0.468323	0.250000	0.062500
-0.694082	0.481750	0.062500	0.003906
-0.643212	0.413722	0.187500	0.035156
-0.662201	0.438510	0.062500	0.003906
-0.700956	0.491340	0.250000	0.062500
-0.622637	0.387677	0.187500	0.035156
-0.687607	0.472804	0.125000	0.015625
-0.682543	0.465865	0.187500	0.035156
-0.617713	0.381569	0.125000	0.015625
-0.670270	0.449261	0.062500	0.003906
-0.649633	0.422024	0.000000	0.000000
-0.726048	0.527146	0.562500	0.316406
-0.691767	0.478541	0.125000	0.015625
-0.689680	0.475659	0.062500	0.003906
-0.674724	0.455253	0.062500	0.003906
-0.747281	0.558428	0.375000	0.140625
-0.636294	0.404870	0.000000	0.000000
-0.786180	0.618079	0.125000	0.015625
-0.705231	0.497351	0.375000	0.140625
-0.766501	0.587523	0.062500	0.003906
-0.654197	0.427974	0.000000	0.000000
-0.681790	0.464837	0.187500	0.035156
-0.670150	0.449101	0.062500	0.003906
-0.689243	0.475056	0.125000	0.015625
-0.661237	0.437234	0.000000	0.000000
-0.793810	0.630134	0.125000	0.015625
-0.692749	0.479901	0.250000	0.062500
-0.675545	0.456361	0.312500	0.097656
-0.677087	0.458447	0.187500	0.035156
-0.607154	0.368636	0.062500	0.003906
-0.683131	0.466668	0.062500	0.003906
-0.743790	0.553224	0.062500	0.003906
-0.648804	0.420946	0.062500	0.003906
-0.635914	0.404387	0.187500	0.035156
-0.650612	0.423296	0.125000	0.015625
-0.794447	0.631146	0.125000	0.015625
-0.691566	0.478263	0.000000	0.000000
-0.663175	0.439801	0.062500	0.003906
-0.700467	0.490654	0.312500	0.097656
-0.675221	0.455923	0.187500	0.035156
-0.663394	0.440091	0.062500	0.003906
-0.665990	0.443543	0.125000	0.015625
-0.652568	0.425846	0.062500	0.003906
-0.684235	0.468177	0.187500	0.035156
-0.686635	0.471468	0.187500	0.035156
-0.760540	0.578421	0.125000	0.015625
-0.776775	0.603379	0.062500	0.003906
-0.701780	0.492495	0.062500	0.003906
-0.627539	0.393805	0.000000	0.000000
-0.772184	0.596269	0.062500	0.003906
-0.717539	0.514862	0.250000	0.062500
-0.652537	0.425804	0.250000	0.062500
-0.731686	0.535364	0.062500	0.003906
-0.716945	0.514010	0.000000	0.000000
-0.658105	0.433103	0.062500	0.003906
-0.673871	0.454102	0.000000	0.000000
-0.666313	0.443973	0.062500	0.003906
-0.679775	0.462095	0.125000	0.015625
-0.677297	0.458731	0.312500	0.097656
-0.609003	0.370884	0.062500	0.003906
-0.652676	0.425986	0.187500	0.035156
-0.715339	0.511710	0.312500	0.097656
-0.721424	0.520452	0.125000	0.015625
-0.656257	0.430673	0.062500	0.003906
-0.737852	0.544426	0.062500	0.003906
-0.726284	0.527489	0.312500	0.097656
-0.602326	0.362797	0.187500	0.035156
-0.686743	0.471615	0.125000	0.015625
-0.712440	0.507571	0.062500	0.003906
-0.697295	0.486220	0.062500	0.003906
-0.668154	0.446430	0.062500	0.003906
-0.792637	0.628273	0.125000	0.015625
-0.735283	0.540641	0.000000	0.000000
-0.646025	0.417349	0.062500	0.003906
-0.636070	0.404585	0.250000	0.062500
-0.808446	0.653586	0.000000	0.000000
-0.655654	0.429882	0.062500	0.003906
-0.692254	0.479215	0.125000	0.015625
-0.701777	0.492490	0.250000	0.062500
-0.662745	0.439231	0.250000	0.062500
-0.805867	0.649421	0.125000	0.015625
-0.657343	0.432100	0.125000	0.015625
-0.699410	0.489175	0.437500	0.191406
-0.684144	0.468053	0.062500	0.003906
-0.696831	0.485574	0.000000	0.000000
-0.717180	0.514348	0.187500	0.035156
-0.779769	0.608040	0.125000	0.015625
-0.753673	0.568022	0.062500	0.003906
-0.670787	0.449955	0.125000	0.015625
-0.785962	0.617736	0.125000	0.015625
-0.735840	0.541460	0.125000	0.015625
-0.718535	0.516293	0.187500	0.035156
-0.722048	0.521353	0.250000	0.062500
-0.702243	0.493145	0.125000	0.015625
-0.660880	0.436763	0.125000	0.015625
-0.681471	0.464402	0.125000	0.015625
-0.668454	0.446831	0.062500	0.003906
-0.672733	0.452570	0.187500	0.035156
-0.630793	0.397900	0.000000	0.000000
-0.682863	0.466302	0.000000	0.000000
-0.769176	0.591631	0.062500	0.003906
-0.699004	0.488606	0.500000	0.250000
-0.662325	0.438675	0.062500	0.003906
-0.731677	0.535351	0.000000	0.000000
-0.735282	0.540639	0.250000	0.062500
-0.683730	0.467487	0.062500	0.003906
-0.674197	0.454541	0.062500	0.003906
-0.738326	0.545126	0.125000	0.015625
-0.674330	0.454721	0.250000	0.062500
-0.677593	0.459132	0.125000	0.015625
-0.665168	0.442448	0.000000	0.000000
-0.680610	0.463230	0.000000	0.000000
-0.661970	0.438204	0.125000	0.015625
-0.667671	0.445784	0.187500	0.035156
-0.646641	0.418144	0.250000	0.062500
-0.687326	0.472418	0.125000	0.015625
-0.692022	0.478895	0.062500	0.003906
-0.698782	0.488297	0.125000	0.015625
-0.684310	0.468280	0.000000	0.000000
-0.679373	0.461547	0.062500	0.003906
-0.690548	0.476857	0.125000	0.015625
-0.677924	0.459581	0.000000	0.000000
-0.741717	0.550144	0.062500	0.003906
-0.676034	0.457022	0.125000	0.015625
-0.623595	0.388870	0.062500	0.003906
-0.645700	0.416928	0.000000	0.000000
-0.669942	0.448823	0.125000	0.015625
-0.657198	0.431910	0.125000	0.015625
-0.619161	0.383361	0.125000	0.015625
-0.729870	0.532710	0.125000	0.015625
-0.714252	0.510156	0.187500	0.035156
-0.690022	0.476131	0.187500	0.035156
-0.669723	0.448529	0.000000	0.000000
-0.676720	0.457950	0.125000	0.015625
-0.637945	0.406974	0.375000	0.140625
-0.716972	0.514048	0.312500	0.097656
-0.685325	0.469670	0.125000	0.015625
-0.709853	0.503891	0.187500	0.035156
-0.710959	0.505462	0.125000	0.015625
-0.644984	0.416005	0.125000	0.015625
-0.652465	0.425711	0.250000	0.062500
-0.705604	0.497878	0.125000	0.015625
-0.746710	0.557576	0.125000	0.015625
-0.696607	0.485261	0.062500	0.003906
-0.670987	0.450224	0.187500	0.035156
-0.673428	0.453505	0.000000	0.000000
-0.658008	0.432974	0.125000	0.015625
-0.680745	0.463414	0.062500	0.003906
-0.646917	0.418501	0.000000	0.000000
-0.753933	0.568415	0.250000	0.062500
-0.642446	0.412737	0.187500	0.035156
-0.682318	0.465558	0.375000	0.140625
-0.718621	0.516416	0.250000	0.062500
-0.637615	0.406553	0.250000	0.062500
-0.730744	0.533987	0.187500	0.035156
-0.763109	0.582336	0.125000	0.015625
-0.709869	0.503914	0.187500	0.035156
-0.703407	0.494781	0.125000	0.015625
-0.689581	0.475522	0.062500	0.003906
-0.638882	0.408170	0.437500	0.191406
-0.636510	0.405145	0.125000	0.015625
-0.763423	0.582814	0.062500	0.003906
-0.662949	0.439502	0.125000	0.015625
-0.765562	0.586085	0.125000	0.015625
-0.723428	0.523348	0.000000	0.000000
-0.696313	0.484852	0.250000	0.062500
-0.623483	0.388731	0.125000	0.015625
-0.732587	0.536683	0.062500	0.003906
-0.668483	0.446870	0.062500	0.003906
-0.646641	0.418145	0.312500	0.097656
-0.701189	0.491666	0.000000	0.000000
-0.624667	0.390208	0.125000	0.015625
-0.663551	0.440301	0.000000	0.000000
-0.650156	0.422703	0.375000	0.140625
-0.652252	0.425433	0.125000	0.015625
-0.591869	0.350309	0.187500	0.035156
-0.726971	0.528486	0.187500	0.035156
-0.633730	0.401614	0.312500	0.097656
-0.652924	0.426309	0.250000	0.062500
-0.637149	0.405959	0.000000	0.000000
-0.796116	0.633801	0.062500	0.003906
-0.733080	0.537406	0.062500	0.003906
-0.803205	0.645138	0.187500	0.035156
-0.667560	0.445637	0.187500	0.035156
-0.749743	0.562115	0.062500	0.003906
-0.673133	0.453108	0.250000	0.062500
-0.708195	0.501540	0.000000	0.000000
-0.669509	0.448242	0.125000	0.015625
-0.635024	0.403255	0.062500	0.003906
-0.642932	0.413362	0.062500	0.003906
-0.714163	0.510029	0.062500	0.003906
-0.703750	0.495264	0.125000	0.015625
-0.686884	0.471810	0.125000	0.015625
-0.794991	0.632011	0.125000	0.015625
-0.782560	0.612401	0.125000	0.015625
-0.742056	0.550646	0.312500	0.097656
-0.671834	0.451361	0.187500	0.035156
-0.687496	0.472650	0.062500	0.003906
-0.673039	0.452982	0.250000	0.062500
-0.647203	0.418872	0.000000	0.000000
-0.682784	0.466194	0.062500	0.003906
-0.716009	0.512669	0.187500	0.035156
-0.611602	0.374056	0.187500	0.035156
-0.685125	0.469396	0.000000	0.000000
-0.719316	0.517415	0.062500	0.003906
-0.685028	0.469263	0.187500	0.035156
-0.678643	0.460557	0.062500	0.003906
-0.712212	0.507246	0.062500	0.003906
-0.772659	0.597003	0.187500	0.035156
-0.706837	0.499619	0.062500	0.003906
-0.736658	0.542665	0.000000	0.000000
-0.678041	0.459740	0.250000	0.062500
-0.713500	0.509082	0.062500	0.003906
-0.715743	0.512288	0.000000	0.000000
-0.752351	0.566032	0.125000	0.015625
-0.713937	0.509706	0.187500	0.035156
-0.709418	0.503274	0.062500	0.003906
-0.737919	0.544524	0.187500	0.035156
-0.698504	0.487908	0.187500	0.035156
-0.707011	0.499864	0.000000	0.000000
-0.765289	0.585667	0.062500	0.003906
-0.689263	0.475084	0.000000	0.000000
-0.680417	0.462967	0.187500	0.035156
-0.659129	0.434452	0.062500	0.003906
-0.626296	0.392247	0.000000	0.000000
-0.766101	0.586911	0.125000	0.015625
-0.696515	0.485134	0.000000	0.000000
-0.822751	0.676919	0.250000	0.062500
-0.722250	0.521645	0.375000	0.140625
-0.656866	0.431473	0.125000	0.015625
-0.631703	0.399048	0.125000	0.015625
-0.743117	0.552223	0.125000	0.015625
-0.668692	0.447149	0.000000	0.000000
-0.655824	0.430105	0.187500	0.035156
-0.696299	0.484832	0.125000	0.015625
-0.660898	0.436786	0.187500	0.035156
-0.689380	0.475245	0.062500	0.003906
-0.718140	0.515725	0.312500	0.097656
-0.610680	0.372931	0.125000	0.015625
-0.676344	0.457441	0.062500	0.003906
-0.705086	0.497147	0.125000	0.015625
-0.684577	0.468646	0.312500	0.097656
-0.757122	0.573233	0.000000	0.000000
-0.591015	0.349299	0.062500	0.003906
-0.708898	0.502536	0.000000	0.000000
-0.675682	0.456546	0.187500	0.035156
-0.755723	0.571118	0.125000	0.015625
-0.634133	0.402124	0.125000	0.015625
-0.709748	0.503743	0.125000	0.015625
-0.704847	0.496810	0.062500	0.003906
-0.588172	0.345946	0.000000	0.000000
-0.620318	0.384795	0.062500	0.003906
-0.706406	0.499009	0.125000	0.015625
-0.685328	0.469674	0.062500	0.003906
-0.647820	0.419671	0.062500	0.003906
-0.659564	0.435025	0.125000	0.015625
-0.645433	0.416583	0.062500	0.003906
-0.688395	0.473888	0.125000	0.015625
-0.668646	0.447088	0.125000	0.015625
-0.716946	0.514012	0.062500	0.003906
-0.673895	0.454134	0.187500	0.035156
-0.685238	0.469551	0.062500	0.003906
-0.707633	0.500745	0.062500	0.003906
-0.738590	0.545515	0.187500	0.035156
-0.759009	0.576095	0.250000	0.062500
-0.633254	0.401010	0.312500	0.097656
-0.735263	0.540612	0.062500	0.003906
-0.780405	0.609033	0.125000	0.015625
-0.723289	0.523147	0.187500	0.035156
-0.696393	0.484963	0.187500	0.035156
-0.709907	0.503969	0.125000	0.015625
-0.733288	0.537712	0.000000	0.000000
-0.656617	0.431145	0.062500	0.003906
-0.622559	0.387580	0.312500	0.097656
-0.619383	0.383636	0.187500	0.035156
-0.674860	0.455436	0.187500	0.035156
-0.718521	0.516272	0.125000	0.015625
-0.649096	0.421325	0.125000	0.015625
-0.649025	0.421234	0.062500	0.003906
-0.630970	0.398123	0.125000	0.015625
-0.636714	0.405405	0.312500	0.097656
-0.705064	0.497115	0.062500	0.003906
-0.641571	0.411614	0.312500	0.097656
-0.656472	0.430955	0.250000	0.062500
-0.694627	0.482507	0.062500	0.003906
-0.687170	0.472203	0.000000	0.000000
-0.626571	0.392591	0.312500	0.097656
-0.716256	0.513023	0.125000	0.015625
-0.737832	0.544396	0.187500	0.035156
-0.693999	0.481635	0.125000	0.015625
-0.658687	0.433868	0.125000	0.015625
-0.851613	0.725245	0.250000	0.062500
-0.714577	0.510620	0.250000	0.062500
-0.665692	0.443146	0.187500	0.035156
-0.749977	0.562466	0.062500	0.003906
-0.721387	0.520399	0.187500	0.035156
-0.683761	0.467530	0.187500	0.035156
-0.648235	0.420209	0.187500	0.035156
-0.685069	0.469320	0.187500	0.035156
-0.726629	0.527989	0.312500	0.097656
-0.647484	0.419235	0.250000	0.062500
-0.599877	0.359852	0.000000	0.000000
-0.678092	0.459809	0.375000	0.140625
-0.647393	0.419118	0.000000	0.000000
-0.714527	0.510548	0.062500	0.003906
-0.690571	0.476888	0.312500	0.097656
-0.677363	0.458821	0.312500	0.097656
-0.634549	0.402653	0.125000	0.015625
-0.703528	0.494951	0.062500	0.003906
-0.743706	0.553099	0.250000	0.062500
-0.679623	0.461888	0.375000	0.140625
-0.767861	0.589611	0.375000	0.140625
-0.691185	0.477737	0.000000	0.000000
-0.695686	0.483978	0.125000	0.015625
-0.627145	0.393311	0.187500	0.035156
-0.684926	0.469123	0.125000	0.015625
-0.783216	0.613428	0.000000	0.000000
-0.689384	0.475250	0.187500	0.035156
-0.618791	0.382903	0.000000	0.000000
-0.680356	0.462885	0.062500	0.003906
-0.725903	0.526935	0.187500	0.035156
-0.762504	0.581412	0.187500	0.035156
-0.651035	0.423847	0.187500	0.035156
-0.697519	0.486532	0.000000	0.000000
-0.642447	0.412739	0.062500	0.003906
-0.699053	0.488675	0.312500	0.097656
-0.686477	0.471251	0.062500	0.003906
-0.703823	0.495367	0.187500	0.035156
-0.641998	0.412161	0.250000	0.062500
-0.691393	0.478025	0.125000	0.015625
-0.763196	0.582467	0.250000	0.062500
-0.791925	0.627145	0.125000	0.015625
-0.678143	0.459877	0.062500	0.003906
-0.712329	0.507413	0.062500	0.003906
-0.678671	0.460594	0.187500	0.035156
-0.724474	0.524862	0.062500	0.003906
-0.662889	0.439421	0.125000	0.015625
-0.621193	0.385880	0.125000	0.015625
-0.740132	0.547795	0.000000	0.000000
-0.670539	0.449623	0.187500	0.035156
-0.633953	0.401897	0.125000	0.015625
-0.701983	0.492780	0.062500	0.003906
-0.693799	0.481357	0.375000	0.140625
-0.655417	0.429571	0.437500	0.191406
-0.671546	0.450974	0.062500	0.003906
-0.723752	0.523818	0.062500	0.003906
-0.671417	0.450800	0.125000	0.015625
-0.621472	0.386227	0.062500	0.003906
-0.759015	0.576104	0.000000	0.000000
-0.697386	0.486348	0.250000	0.062500
-0.648370	0.420383	0.000000	0.000000
-0.718968	0.516915	0.062500	0.003906
-0.678370	0.460186	0.125000	0.015625
-0.711997	0.506939	0.062500	0.003906
-0.705745	0.498076	0.250000	0.062500
-0.689722	0.475717	0.062500	0.003906
-0.650671	0.423373	0.062500	0.003906
-0.797338	0.635748	0.312500	0.097656
-0.685241	0.469555	0.000000	0.000000
-0.652315	0.425514	0.062500	0.003906
-0.692933	0.480157	0.062500	0.003906
-0.666683	0.444467	0.062500	0.003906
-0.751862	0.565296	0.062500	0.003906
-0.677961	0.459632	0.375000	0.140625
-0.720033	0.518448	0.000000	0.000000
-0.627314	0.393523	0.250000	0.062500
-0.693288	0.480648	0.187500	0.035156
-0.694039	0.481690	0.000000	0.000000
-0.630251	0.397216	0.125000	0.015625
-0.742233	0.550910	0.000000	0.000000
-0.704287	0.496021	0.000000	0.000000
-0.660234	0.435909	0.250000	0.062500
-0.664366	0.441382	0.000000	0.000000
-0.638429	0.407591	0.125000	0.015625
-0.679673	0.461955	0.187500	0.035156
-0.725456	0.526286	0.062500	0.003906
-0.665373	0.442721	0.062500	0.003906
-0.694989	0.483009	0.000000	0.000000
-0.599947	0.359937	0.125000	0.015625
-0.682268	0.465490	0.250000	0.062500
-0.620064	0.384479	0.187500	0.035156
-0.616436	0.379993	0.000000	0.000000
-0.707192	0.500120	0.000000	0.000000
-0.732555	0.536637	0.062500	0.003906
-0.604415	0.365317	0.062500	0.003906
-0.730448	0.533554	0.375000	0.140625
-0.673591	0.453725	0.187500	0.035156
-0.695413	0.483599	0.187500	0.035156
-0.645509	0.416682	0.312500	0.097656
-0.749782	0.562173	0.000000	0.000000
-0.670414	0.449455	0.000000	0.000000
-0.703078	0.494319	0.250000	0.062500
-0.646052	0.417383	0.000000	0.000000
-0.687454	0.472593	0.312500	0.097656
-0.682233	0.465442	0.125000	0.015625
-0.616913	0.380581	0.062500	0.003906
-0.673728	0.453909	0.062500	0.003906
-0.646138	0.417494	0.187500	0.035156
-0.604205	0.365064	0.187500	0.035156
-0.730298	0.533335	0.250000	0.062500
-0.669125	0.447728	0.000000	0.000000
-0.711260	0.505891	0.125000	0.015625
-0.695378	0.483551	0.312500	0.097656
-0.706450	0.499072	0.187500	0.035156
-0.650624	0.423312	0.062500	0.003906
-0.675086	0.455741	0.187500	0.035156
-0.691733	0.478495	0.125000	0.015625
-0.638999	0.408320	0.062500	0.003906
-0.683118	0.466650	0.000000	0.000000
-0.682364	0.465621	0.062500	0.003906
-0.619950	0.384338	0.375000	0.140625
-0.777829	0.605019	0.250000	0.062500
-0.642760	0.413141	0.000000	0.000000
-0.643506	0.414100	0.062500	0.003906
-0.646981	0.418585	0.437500	0.191406
-0.618357	0.382365	0.125000	0.015625
-0.678564	0.460450	0.312500	0.097656
-0.571397	0.326495	0.000000	0.000000
-0.650437	0.423069	0.125000	0.015625
-0.743534	0.552842	0.187500	0.035156
-0.703933	0.495522	0.000000	0.000000
-0.717060	0.514175	0.062500	0.003906
-0.714107	0.509949	0.187500	0.035156
-0.714426	0.510405	0.125000	0.015625
-0.647302	0.419000	0.062500	0.003906
-0.693655	0.481157	0.000000	0.000000
-0.705648	0.497938	0.000000	0.000000
-0.707859	0.501064	0.312500	0.097656
-0.715925	0.512549	0.125000	0.015625
-0.646583	0.418070	0.125000	0.015625
-0.657463	0.432258	0.187500	0.035156
-0.693682	0.481194	0.250000	0.062500
-0.647859	0.419721	0.187500	0.035156
-0.700339	0.490475	0.375000	0.140625
-0.680098	0.462534	0.375000	0.140625
-0.704059	0.495700	0.062500	0.003906
-0.714338	0.510279	0.062500	0.003906
-0.691717	0.478472	0.250000	0.062500
-0.761467	0.579832	0.125000	0.015625
-0.643245	0.413764	0.125000	0.015625
-0.695928	0.484316	0.062500	0.003906
-0.697263	0.486176	0.187500	0.035156
-0.666548	0.444286	0.062500	0.003906
-0.703227	0.494528	0.187500	0.035156
-0.683834	0.467629	0.187500	0.035156
-0.705786	0.498134	0.187500	0.035156
-0.655848	0.430136	0.312500	0.097656
-0.687416	0.472541	0.187500	0.035156
-0.740146	0.547816	0.437500	0.191406
-0.713883	0.509629	0.062500	0.003906
-0.698064	0.487293	0.187500	0.035156
-0.664986	0.442206	0.062500	0.003906
-0.619344	0.383587	0.125000	0.015625
-0.713913	0.509672	0.125000	0.015625
-0.690449	0.476720	0.000000	0.000000
-0.744962	0.554968	0.187500	0.035156
-0.686958	0.471912	0.125000	0.015625
-0.622715	0.387774	0.312500	0.097656
-0.677445	0.458932	0.125000	0.015625
-0.703998	0.495613	0.062500	0.003906
-0.679608	0.461867	0.125000	0.015625
-0.696674	0.485355	0.062500	0.003906
-0.677137	0.458514	0.062500	0.003906
-0.707760	0.500925	0.250000	0.062500
-0.640330	0.410022	0.062500	0.003906
-0.733714	0.538336	0.062500	0.003906
-0.724896	0.525474	0.062500	0.003906
-0.654466	0.428325	0.125000	0.015625
-0.704307	0.496048	0.062500	0.003906
-0.619886	0.384258	0.062500	0.003906
-0.743530	0.552837	0.187500	0.035156
-0.689632	0.475592	0.062500	0.003906
-0.624026	0.389409	0.250000	0.062500
-0.670845	0.450032	0.125000	0.015625
-0.636541	0.405185	0.250000	0.062500
-0.666686	0.444471	0.062500	0.003906
-0.614519	0.377634	0.062500	0.003906
-0.715425	0.511833	0.187500	0.035156
-0.685644	0.470108	0.000000	0.000000
-0.714465	0.510461	0.062500	0.003906
-0.612974	0.375737	0.187500	0.035156
-0.691161	0.477704	0.062500	0.003906
-0.634646	0.402776	0.250000	0.062500
-0.627754	0.394075	0.250000	0.062500
-0.666400	0.444088	0.062500	0.003906
-0.656647	0.431185	0.125000	0.015625
-0.655972	0.430300	0.250000	0.062500
-0.696242	0.484753	0.187500	0.035156
-0.683158	0.466705	0.187500	0.035156
-0.660858	0.436734	0.062500	0.003906
-0.729653	0.532393	0.062500	0.003906
-0.713524	0.509117	0.250000	0.062500
-0.754260	0.568908	0.250000	0.062500
-0.722760	0.522382	0.000000	0.000000
-0.620903	0.385521	0.062500	0.003906
-0.702165	0.493036	0.187500	0.035156
-0.735863	0.541494	0.062500	0.003906
-0.683081	0.466600	0.250000	0.062500
-0.658612	0.433769	0.125000	0.015625
-0.606897	0.368324	0.062500	0.003906
-0.675876	0.456809	0.125000	0.015625
-0.683902	0.467722	0.187500	0.035156
-0.681881	0.464962	0.000000	0.000000
-0.642926	0.413354	0.000000	0.000000
-0.703417	0.494796	0.250000	0.062500
-0.705862	0.498242	0.187500	0.035156
-0.771827	0.595716	0.000000	0.000000
-0.678028	0.459722	0.125000	0.015625
-0.757789	0.574245	0.187500	0.035156
-0.766965	0.588236	0.125000	0.015625
-0.704035	0.495665	0.187500	0.035156
-0.667088	0.445007	0.062500	0.003906
-0.744772	0.554686	0.187500	0.035156
-0.738640	0.545589	0.062500	0.003906
-0.686671	0.471518	0.437500	0.191406
-0.663544	0.440290	0.375000	0.140625
-0.612431	0.375072	0.000000	0.000000
-0.617196	0.380930	0.062500	0.003906
-0.649759	0.422186	0.062500	0.003906
-0.635964	0.404450	0.062500	0.003906
-0.735219	0.540548	0.125000	0.015625
-0.651662	0.424663	0.125000	0.015625
-0.710144	0.504304	0.000000	0.000000
-0.709962	0.504046	0.125000	0.015625
-0.658300	0.433359	0.375000	0.140625
-0.727533	0.529305	0.187500	0.035156
-0.691848	0.478653	0.062500	0.003906
-0.668209	0.446503	0.187500	0.035156
-0.624310	0.389763	0.125000	0.015625
-0.650676	0.423379	0.125000	0.015625
-0.636748	0.405448	0.062500	0.003906
-0.804833	0.647757	0.250000	0.062500
-0.629067	0.395725	0.187500	0.035156
-0.737401	0.543761	0.500000	0.250000
-0.612485	0.375138	0.062500	0.003906
-0.762037	0.580700	0.062500	0.003906
-0.701560	0.492187	0.062500	0.003906
-0.656222	0.430628	0.125000	0.015625
-0.688702	0.474311	0.312500	0.097656
-0.789527	0.623353	0.062500	0.003906
-0.764225	0.584040	0.125000	0.015625
-0.684378	0.468374	0.000000	0.000000
-0.667672	0.445786	0.000000	0.000000
-0.717759	0.515179	0.125000	0.015625
-0.725006	0.525634	0.125000	0.015625
-0.669429	0.448135	0.250000	0.062500
-0.675967	0.456932	0.437500	0.191406
-0.598368	0.358045	0.250000	0.062500
-0.641497	0.411519	0.062500	0.003906
-0.672196	0.451847	0.000000	0.000000
-0.735957	0.541633	0.125000	0.015625
-0.648710	0.420825	0.000000	0.000000
-0.651969	0.425064	0.125000	0.015625
-0.690191	0.476364	0.125000	0.015625
-0.717385	0.514641	0.062500	0.003906
-0.710195	0.504378	0.312500	0.097656
-0.659118	0.434437	0.125000	0.015625
-0.673744	0.453932	0.375000	0.140625
-0.634147	0.402142	0.250000	0.062500
-0.720114	0.518564	0.125000	0.015625
-0.755526	0.570820	0.187500	0.035156
-0.720934	0.519745	0.187500	0.035156
-0.695128	0.483203	0.000000	0.000000
-0.684018	0.467880	0.125000	0.015625
-0.740426	0.548230	0.062500	0.003906
-0.637352	0.406218	0.062500	0.003906
-0.687005	0.471976	0.062500	0.003906
-0.641036	0.410927	0.187500	0.035156
-0.733347	0.537797	0.125000	0.015625
-0.655213	0.429304	0.125000	0.015625
-0.766438	0.587427	0.000000	0.000000
-0.624056	0.389446	0.375000	0.140625
-0.639872	0.409436	0.187500	0.035156
-0.679233	0.461358	0.437500	0.191406
-0.625046	0.390682	0.062500	0.003906
-0.656630	0.431163	0.250000	0.062500
-0.708308	0.501701	0.250000	0.062500
-0.710564	0.504901	0.062500	0.003906
-0.701613	0.492260	0.187500	0.035156
-0.655163	0.429239	0.187500	0.035156
-0.694086	0.481755	0.000000	0.000000
-0.722021	0.521315	0.125000	0.015625
-0.718132	0.515714	0.125000	0.015625
-0.642303	0.412553	0.375000	0.140625
-0.716314	0.513105	0.250000	0.062500
-0.728798	0.531146	0.062500	0.003906
-0.666841	0.444677	0.062500	0.003906
-0.710500	0.504810	0.062500	0.003906
-0.699596	0.489435	0.250000	0.062500
-0.665199	0.442490	0.187500	0.035156
-0.626962	0.393081	0.000000	0.000000
-0.717664	0.515041	0.125000	0.015625
-0.742219	0.550890	0.000000	0.000000
-0.691270	0.477854	0.125000	0.015625
-0.742229	0.550905	0.125000	0.015625
-0.683383	0.467012	0.375000	0.140625
-0.649865	0.422325	0.187500	0.035156
-0.634664	0.402798	0.062500	0.003906
-0.670109	0.449046	0.125000	0.015625
-0.748798	0.560698	0.062500	0.003906
-0.629078	0.395739	0.375000	0.140625
-0.697720	0.486813	0.000000	0.000000
-0.707452	0.500488	0.000000	0.000000
-0.770272	0.593319	0.062500	0.003906
-0.670872	0.450069	0.250000	0.062500
-0.646006	0.417324	0.000000	0.000000
-0.607436	0.368978	0.250000	0.062500
-0.628962	0.395594	0.250000	0.062500
-0.733739	0.538373	0.125000	0.015625
-0.690242	0.476434	0.187500	0.035156
-0.654010	0.427728	0.312500	0.097656
-0.673694	0.453863	0.125000	0.015625
-0.642984	0.413429	0.062500	0.003906
-0.748789	0.560684	0.312500	0.097656
-0.618281	0.382271	0.125000	0.015625
-0.707253	0.500207	0.250000	0.062500
-0.617245	0.380991	0.062500	0.003906
-0.709085	0.502802	0.062500	0.003906
-0.703730	0.495237	0.125000	0.015625
-0.702791	0.493915	0.062500	0.003906
-0.683882	0.467695	0.125000	0.015625
-0.656316	0.430750	0.062500	0.003906
-0.699626	0.489476	0.000000	0.000000
-0.668180	0.446465	0.187500	0.035156
-0.658181	0.433203	0.062500	0.003906
-0.690756	0.477144	0.062500	0.003906
-0.710801	0.505237	0.062500	0.003906
-0.602247	0.362702	0.062500	0.003906
-0.695777	0.484106	0.125000	0.015625
-0.686171	0.470830	0.062500	0.003906
-0.696106	0.484563	0.000000	0.000000
-0.686949	0.471899	0.062500	0.003906
-0.721392	0.520406	0.500000	0.250000
-0.608154	0.369851	0.062500	0.003906
-0.655042	0.429081	0.000000	0.000000
-0.766529	0.587567	0.312500	0.097656
-0.700242	0.490339	0.062500	0.003906
-0.683040	0.466543	0.125000	0.015625
-0.614218	0.377264	0.187500	0.035156
-0.661210	0.437198	0.187500	0.035156
-0.700931	0.491305	0.187500	0.035156
-0.821843	0.675426	0.187500	0.035156
-0.673932	0.454184	0.125000	0.015625
-0.708175	0.501511	0.062500	0.003906
-0.679792	0.462118	0.125000	0.015625
-0.614497	0.377606	0.062500	0.003906
-0.782380	0.612118	0.125000	0.015625
-0.677569	0.459100	0.312500	0.097656
-0.688739	0.474361	0.250000	0.062500
-0.788067	0.621049	0.062500	0.003906
-0.650680	0.423384	0.312500	0.097656
-0.725093	0.525760	0.000000	0.000000
-0.687787	0.473052	0.125000	0.015625
-0.690388	0.476635	0.062500	0.003906
-0.692433	0.479463	0.000000	0.000000
-0.670542	0.449627	0.125000	0.015625
-0.614793	0.377971	0.125000	0.015625
-0.687261	0.472328	0.000000	0.000000
-0.643424	0.413994	0.062500	0.003906
-0.683190	0.466748	0.250000	0.062500
-0.673468	0.453560	0.000000	0.000000
-0.677500	0.459006	0.250000	0.062500
-0.667478	0.445527	0.000000	0.000000
-0.740740	0.548696	0.062500	0.003906
-0.722706	0.522304	0.312500	0.097656
-0.700004	0.490006	0.375000	0.140625
-0.772524	0.596793	0.000000	0.000000
-0.764580	0.584583	0.187500	0.035156
-0.676098	0.457109	0.250000	0.062500
-0.723167	0.522970	0.000000	0.000000
-0.660117	0.435754	0.250000	0.062500
-0.753928	0.568408	0.062500	0.003906
-0.627566	0.393839	0.125000	0.015625
-0.646888	0.418463	0.187500	0.035156
-0.674536	0.454999	0.312500	0.097656
-0.687162	0.472191	0.500000	0.250000
-0.670795	0.449966	0.125000	0.015625
-0.649672	0.422074	0.125000	0.015625
-0.682818	0.466241	0.250000	0.062500
-0.645595	0.416793	0.125000	0.015625
-0.598521	0.358227	0.312500	0.097656
-0.637897	0.406913	0.000000	0.000000
-0.693775	0.481324	0.187500	0.035156
-0.681393	0.464297	0.125000	0.015625
-0.725914	0.526951	0.187500	0.035156
-0.675101	0.455762	0.312500	0.097656
-0.657250	0.431978	0.062500	0.003906
-0.741565	0.549919	0.000000	0.000000
-0.664485	0.441541	0.062500	0.003906
-0.701254	0.491757	0.125000	0.015625
-0.745365	0.555568	0.250000	0.062500
-0.761999	0.580642	0.062500	0.003906
-0.685977	0.470565	0.250000	0.062500
-0.633967	0.401914	0.312500	0.097656
-0.765483	0.585964	0.125000	0.015625
-0.714186	0.510061	0.062500	0.003906
-0.684554	0.468614	0.250000	0.062500
-0.636349	0.404940	0.125000	0.015625
-0.637077	0.405867	0.187500	0.035156
-0.715074	0.511331	0.125000	0.015625
-0.675136	0.455809	0.125000	0.015625
-0.660910	0.436802	0.437500	0.191406
-0.720009	0.518413	0.187500	0.035156
-0.752079	0.565623	0.000000	0.000000
-0.754242	0.568882	0.375000	0.140625
-0.743636	0.552995	0.125000	0.015625
-0.723001	0.522730	0.000000	0.000000
-0.643642	0.414275	0.062500	0.003906
-0.739858	0.547389	0.187500	0.035156
-0.669735	0.448545	0.187500	0.035156
-0.701456	0.492041	0.062500	0.003906
-0.675469	0.456258	0.187500	0.035156
-0.705703	0.498016	0.000000	0.000000
-0.663226	0.439869	0.062500	0.003906
-0.654191	0.427966	0.000000	0.000000
-0.771295	0.594896	0.062500	0.003906
-0.712021	0.506973	0.312500	0.097656
-0.715263	0.511602	0.125000	0.015625
-0.649407	0.421730	0.062500	0.003906
-0.673860	0.454087	0.187500	0.035156
-0.727249	0.528892	0.000000	0.000000
-0.734334	0.539246	0.062500	0.003906
-0.786249	0.618187	0.187500	0.035156
-0.676029	0.457015	0.000000	0.000000
-0.669418	0.448121	0.125000	0.015625
-0.676098	0.457109	0.125000	0.015625
-0.761476	0.579845	0.000000	0.000000
-0.627307	0.393514	0.562500	0.316406
-0.624890	0.390487	0.250000	0.062500
-0.718285	0.515933	0.062500	0.003906
-0.667601	0.445691	0.000000	0.000000
-0.724666	0.525141	0.062500	0.003906
-0.693935	0.481546	0.375000	0.140625
-0.716866	0.513896	0.125000	0.015625
-0.642158	0.412367	0.187500	0.035156
-0.692462	0.479504	0.125000	0.015625
-0.668845	0.447353	0.000000	0.000000
-0.641017	0.410903	0.250000	0.062500
-0.710767	0.505189	0.000000	0.000000
-0.673556	0.453677	0.187500	0.035156
-0.648540	0.420604	0.187500	0.035156
-0.736000	0.541696	0.000000	0.000000
-0.730633	0.533824	0.187500	0.035156
-0.706701	0.499426	0.250000	0.062500
-0.838498	0.703078	0.250000	0.062500
-0.757792	0.574249	0.125000	0.015625
-0.690511	0.476805	0.000000	0.000000
-0.670986	0.450222	0.250000	0.062500
-0.738180	0.544910	0.312500	0.097656
-0.679534	0.461766	0.187500	0.035156
-0.620526	0.385053	0.312500	0.097656
-0.688843	0.474505	0.062500	0.003906
-0.705855	0.498232	0.125000	0.015625
-0.688624	0.474202	0.187500	0.035156
-0.690803	0.477208	0.000000	0.000000
-0.726695	0.528085	0.187500	0.035156
-0.625213	0.390891	0.062500	0.003906
-0.694092	0.481763	0.125000	0.015625
-0.623697	0.388998	0.125000	0.015625
-0.697920	0.487093	0.125000	0.015625
-0.738051	0.544720	0.000000	0.000000
-0.687329	0.472421	0.062500	0.003906
-0.712880	0.508197	0.062500	0.003906
-0.735046	0.540293	0.062500	0.003906
-0.686742	0.471614	0.250000	0.062500
-0.716390	0.513214	0.125000	0.015625
-0.642261	0.412500	0.125000	0.015625
-0.698675	0.488147	0.250000	0.062500
-0.699358	0.489102	0.062500	0.003906
-0.717724	0.515127	0.375000	0.140625
-0.659017	0.434303	0.250000	0.062500
-0.700067	0.490094	0.125000	0.015625
-0.685197	0.469495	0.187500	0.035156
-0.737430	0.543803	0.250000	0.062500
-0.668170	0.446452	0.125000	0.015625
-0.743616	0.552965	0.062500	0.003906
-0.712744	0.508004	0.312500	0.097656
-0.699412	0.489177	0.125000	0.015625
-0.670423	0.449467	0.187500	0.035156
-0.643226	0.413740	0.187500	0.035156
-0.679694	0.461983	0.000000	0.000000
-0.702507	0.493516	0.312500	0.097656
-0.701786	0.492503	0.125000	0.015625
-0.682352	0.465604	0.062500	0.003906
-0.695753	0.484072	0.125000	0.015625
-0.716273	0.513047	0.062500	0.003906
-0.797284	0.635662	0.000000	0.000000
-0.717266	0.514470	0.250000	0.062500
-0.772480	0.596725	0.250000	0.062500
-0.639559	0.409035	0.312500	0.097656
-0.631708	0.399056	0.250000	0.062500
-0.741218	0.549404	0.250000	0.062500
-0.700145	0.490204	0.187500	0.035156
-0.789055	0.622607	0.062500	0.003906
-0.707836	0.501032	0.062500	0.003906
-0.704166	0.495850	0.125000	0.015625
-0.713090	0.508497	0.062500	0.003906
-0.666431	0.444131	0.062500	0.003906
-0.660364	0.436081	0.125000	0.015625
-0.663943	0.440821	0.062500	0.003906
-0.670730	0.449879	0.250000	0.062500
-0.685001	0.469226	0.250000	0.062500
-0.628474	0.394979	0.250000	0.062500
-0.768151	0.590056	0.062500	0.003906
-0.666496	0.444217	0.250000	0.062500
-0.758743	0.575690	0.062500	0.003906
-0.745151	0.555250	0.312500	0.097656
-0.676278	0.457351	0.062500	0.003906
-0.704538	0.496374	0.250000	0.062500
-0.656380	0.430835	0.187500	0.035156
-0.679392	0.461573	0.125000	0.015625
-0.657582	0.432415	0.062500	0.003906
-0.677813	0.459431	0.250000	0.062500
-0.747807	0.559216	0.250000	0.062500
-0.651825	0.424875	0.125000	0.015625
-0.673853	0.454078	0.125000	0.015625
-0.687862	0.473154	0.125000	0.015625
-0.683058	0.466568	0.062500	0.003906
-0.758648	0.575547	0.125000	0.015625
-0.686989	0.471955	0.250000	0.062500
-0.694150	0.481844	0.062500	0.003906
-0.650916	0.423691	0.125000	0.015625
-0.753806	0.568223	0.125000	0.015625
-0.786547	0.618657	0.250000	0.062500
-0.647308	0.419008	0.062500	0.003906
-0.738604	0.545536	0.125000	0.015625
-0.619526	0.383813	0.062500	0.003906
-0.648269	0.420252	0.062500	0.003906
-0.703827	0.495372	0.000000	0.000000
-0.717343	0.514581	0.062500	0.003906
-0.714449	0.510437	0.187500	0.035156
-0.659626	0.435107	0.312500	0.097656
-0.666042	0.443611	0.062500	0.003906
-0.749119	0.561179	0.062500	0.003906
-0.706109	0.498589	0.062500	0.003906
-0.754275	0.568931	0.187500	0.035156
-0.611562	0.374008	0.250000	0.062500
-0.614113	0.377135	0.125000	0.015625
-0.683122	0.466655	0.125000	0.015625
-0.706307	0.498869	0.062500	0.003906
-0.711806	0.506668	0.062500	0.003906
-0.742496	0.551300	0.062500	0.003906
-0.726365	0.527607	0.187500	0.035156
-0.733104	0.537441	0.000000	0.000000
-0.718352	0.516030	0.125000	0.015625
-0.733619	0.538197	0.250000	0.062500
-0.631049	0.398223	0.250000	0.062500
-0.756433	0.572191	0.187500	0.035156
-0.695158	0.483244	0.062500	0.003906
-0.650232	0.422802	0.000000	0.000000
-0.657742	0.432625	0.125000	0.015625
-0.691659	0.478393	0.250000	0.062500
-0.666989	0.444874	0.062500	0.003906
-0.689256	0.475074	0.125000	0.015625
-0.656880	0.431492	0.312500	0.097656
-0.645608	0.416809	0.125000	0.015625
-0.762067	0.580746	0.125000	0.015625
-0.713861	0.509598	0.062500	0.003906
-0.723442	0.523368	0.062500	0.003906
-0.667635	0.445736	0.312500	0.097656
-0.652795	0.426141	0.125000	0.015625
-0.696727	0.485428	0.187500	0.035156
-0.687026	0.472004	0.000000	0.000000
-0.745079	0.555143	0.000000	0.000000
-0.668361	0.446706	0.250000	0.062500
-0.679971	0.462360	0.062500	0.003906
-0.660511	0.436275	0.062500	0.003906
-0.723688	0.523724	0.062500	0.003906
-0.627835	0.394176	0.062500	0.003906
-0.706560	0.499228	0.000000	0.000000
-0.691289	0.477880	0.125000	0.015625
-0.639553	0.409028	0.125000	0.015625
-0.681770	0.464811	0.062500	0.003906
-0.694011	0.481652	0.000000	0.000000
-0.721373	0.520380	0.000000	0.000000
-0.693560	0.481026	0.437500	0.191406
-0.693691	0.481207	0.187500	0.035156
-0.680616	0.463238	0.187500	0.035156
-0.691360	0.477979	0.187500	0.035156
-0.731331	0.534845	0.187500	0.035156
-0.670212	0.449184	0.437500	0.191406
-0.687325	0.472416	0.125000	0.015625
-0.710414	0.504688	0.000000	0.000000
-0.644831	0.415807	0.187500	0.035156
-0.702604	0.493653	0.312500	0.097656
-0.791430	0.626361	0.250000	0.062500
-0.696065	0.484507	0.000000	0.000000
-0.665683	0.443134	0.125000	0.015625
-0.748998	0.560998	0.312500	0.097656
-0.703510	0.494927	0.062500	0.003906
-0.701955	0.492741	0.187500	0.035156
-0.708732	0.502301	0.125000	0.015625
-0.661999	0.438243	0.187500	0.035156
-0.682675	0.466045	0.000000	0.000000
-0.689486	0.475390	0.125000	0.015625
-0.694903	0.482890	0.250000	0.062500
-0.752092	0.565642	0.187500	0.035156
-0.678553	0.460434	0.125000	0.015625
-0.697676	0.486752	0.125000	0.015625
-0.729085	0.531564	0.187500	0.035156
-0.677698	0.459275	0.125000	0.015625
-0.656946	0.431579	0.062500	0.003906
-0.748059	0.559592	0.187500	0.035156
-0.702044	0.492866	0.187500	0.035156
-0.659539	0.434992	0.062500	0.003906
-0.704912	0.496902	0.125000	0.015625
-0.690619	0.476954	0.000000	0.000000
-0.676902	0.458196	0.187500	0.035156
-0.689204	0.475002	0.187500	0.035156
-0.699484	0.489278	0.250000	0.062500
-0.690148	0.476304	0.375000	0.140625
-0.655606	0.429819	0.062500	0.003906
-0.700914	0.491281	0.062500	0.003906
-0.787815	0.620653	0.500000	0.250000
-0.713565	0.509175	0.125000	0.015625
-0.737399	0.543757	0.000000	0.000000
-0.628051	0.394448	0.375000	0.140625
-0.708743	0.502316	0.000000	0.000000
-0.752652	0.566484	0.250000	0.062500
-0.669384	0.448075	0.062500	0.003906
-0.673656	0.453812	0.125000	0.015625
-0.647581	0.419361	0.000000	0.000000
-0.639947	0.409532	0.250000	0.062500
-0.648076	0.420003	0.062500	0.003906
-0.729206	0.531741	0.312500	0.097656
-0.763010	0.582184	0.187500	0.035156
-0.720276	0.518797	0.062500	0.003906
-0.813309	0.661472	0.375000	0.140625
-0.677505	0.459013	0.062500	0.003906
-0.633005	0.400695	0.187500	0.035156
-0.707911	0.501137	0.125000	0.015625
-0.721529	0.520604	0.125000	0.015625
-0.644531	0.415420	0.312500	0.097656
-0.695960	0.484360	0.312500	0.097656
-0.677304	0.458741	0.000000	0.000000
-0.687730	0.472973	0.062500	0.003906
-0.798552	0.637685	0.437500	0.191406
-0.683705	0.467453	0.187500	0.035156
-0.709017	0.502706	0.062500	0.003906
-0.665023	0.442256	0.000000	0.000000
-0.786582	0.618711	0.062500	0.003906
-0.754745	0.569640	0.187500	0.035156
-0.651536	0.424499	0.187500	0.035156
-0.696525	0.485147	0.437500	0.191406
-0.677226	0.458634	0.062500	0.003906
-0.694748	0.482674	0.125000	0.015625
-0.727523	0.529290	0.125000	0.015625
-0.706670	0.499382	0.187500	0.035156
-0.769746	0.592509	0.000000	0.000000
-0.677006	0.458337	0.125000	0.015625
-0.654028	0.427753	0.062500	0.003906
-0.659316	0.434697	0.187500	0.035156
-0.692071	0.478962	0.000000	0.000000
-0.699830	0.489762	0.312500	0.097656
-0.677056	0.458404	0.187500	0.035156
-0.801066	0.641707	0.125000	0.015625
-0.686896	0.471826	0.250000	0.062500
-0.676300	0.457382	0.187500	0.035156
-0.657286	0.432025	0.062500	0.003906
-0.645325	0.416445	0.062500	0.003906
