# Energy	Energy^2	Magnetic	Magnet^2
-0.755592	0.570920	0.035156	0.001236
-0.745885	0.556345	0.015625	0.000244
-0.754320	0.568998	0.042969	0.001846
-0.740945	0.548999	0.042969	0.001846
-0.753956	0.568449	0.070312	0.004944
-0.743605	0.552948	0.007812	0.000061
-0.744256	0.553918	0.089844	0.008072
-0.742461	0.551248	0.027344	0.000748
-0.750957	0.563937	0.023438	0.000549
-0.755663	0.571027	0.050781	0.002579
-0.744150	0.553759	0.027344	0.000748
-0.748125	0.559691	0.011719	0.000137
-0.756786	0.572724	0.000000	0.000000
-0.771561	0.595306	0.085938	0.007385
-0.755097	0.570172	0.000000	0.000000
-0.741799	0.550266	0.023438	0.000549
-0.751606	0.564911	0.003906	0.000015
-0.743477	0.552758	0.023438	0.000549
-0.747885	0.559332	0.019531	0.000381
-0.753134	0.567210	0.156250	0.024414
-0.741857	0.550352	0.082031	0.006729
-0.747584	0.558882	0.000000	0.000000
-0.745216	0.555347	0.046875	0.002197
-0.745123	0.555209	0.148438	0.022034
-0.749148	0.561223	0.007812	0.000061
-0.753585	0.567890	0.007812	0.000061
-0.755833	0.571283	0.027344	0.000748
-0.764532	0.584510	0.003906	0.000015
-0.755370	0.570583	0.031250	0.000977
-0.745864	0.556314	0.031250	0.000977
-0.743099	0.552196	0.039062	0.001526
-0.752647	0.566477	0.046875	0.002197
-0.756209	0.571851	0.011719	0.000137
-0.750647	0.563471	0.011719	0.000137
-0.747340	0.558517	0.085938	0.007385
-0.750428	0.563142	0.101562	0.010315
-0.747380	0.558577	0.078125	0.006104
-0.755774	0.571194	0.023438	0.000549
-0.751165	0.564249	0.039062	0.001526
-0.755527	0.570821	0.007812	0.000061
-0.742188	0.550843	0.042969	0.001846
-0.747962	0.559447	0.070312	0.004944
-0.750030	0.562544	0.027344	0.000748
-0.743757	0.553174	0.011719	0.000137
-0.759782	0.577268	0.074219	0.005508
-0.745692	0.556057	0.125000	0.015625
-0.742704	0.551609	0.042969	0.001846
-0.760212	0.577922	0.003906	0.000015
-0.749342	0.561513	0.042969	0.001846
-0.749513	0.561770	0.019531	0.000381
-0.747877	0.559320	0.007812	0.000061
-0.756030	0.571582	0.003906	0.000015
-0.748035	0.559557	0.003906	0.000015
-0.747056	0.558092	0.023438	0.000549
-0.758354	0.575100	0.031250	0.000977
-0.748037	0.559559	0.007812	0.000061
-0.754158	0.568754	0.003906	0.000015
-0.748012	0.559522	0.015625	0.000244
-0.751938	0.565411	0.003906	0.000015
-0.752996	0.567003	0.039062	0.001526
-0.736299	0.542136	0.003906	0.000015
-0.752043	0.565569	0.003906	0.000015
-0.749834	0.562251	0.007812	0.000061
-0.746819	0.557739	0.019531	0.000381
-0.748370	0.560057	0.039062	0.001526
-0.749572	0.561859	0.019531	0.000381
-0.750196	0.562794	0.003906	0.000015
-0.748866	0.560800	0.015625	0.000244
-0.757172	0.573309	0.023438	0.000549
-0.743058	0.552135	0.003906	0.000015
-0.743201	0.552348	0.003906	0.000015
-0.746650	0.557486	0.011719	0.000137
-0.746746	0.557630	0.054688	0.002991
-0.751242	0.564364	0.039062	0.001526
-0.742270	0.550965	0.019531	0.000381
-0.749523	0.561785	0.089844	0.008072
-0.752037	0.565559	0.027344	0.000748
-0.743305	0.552503	0.085938	0.007385
-0.751489	0.564736	0.007812	0.000061
-0.757493	0.573796	0.078125	0.006104
-0.748279	0.559921	0.042969	0.001846
-0.755796	0.571227	0.031250	0.000977
-0.745328	0.555514	0.019531	0.000381
-0.748141	0.559715	0.015625	0.000244
-0.745504	0.555776	0.046875	0.002197
-0.749472	0.561708	0.031250	0.000977
-0.755162	0.570269	0.023438	0.000549
-0.742791	0.551738	0.050781	0.002579
-0.744236	0.553887	0.031250	0.000977
-0.752977	0.566974	0.031250	0.000977
-0.753596	0.567908	0.035156	0.001236
-0.747654	0.558986	0.023438	0.000549
-0.760929	0.579012	0.078125	0.006104
-0.745426	0.555659	0.093750	0.008789
-0.749244	0.561367	0.039062	0.001526
-0.752751	0.566634	0.078125	0.006104
-0.748271	0.559909	0.000000	0.000000
-0.752623	0.566442	0.031250	0.000977
-0.741323	0.549559	0.015625	0.000244
-0.742319	0.551038	0.035156	0.001236
-0.743507	0.552803	0.015625	0.000244
-0.745549	0.555843	0.015625	0.000244
-0.754723	0.569607	0.003906	0.000015
-0.735018	0.540252	0.003906	0.000015
-0.751720	0.565083	0.074219	0.005508
-0.748611	0.560419	0.003906	0.000015
-0.741824	0.550302	0.003906	0.000015
-0.755680	0.571053	0.007812	0.000061
-0.748878	0.560818	0.003906	0.000015
-0.745674	0.556030	0.007812	0.000061
-0.756772	0.572704	0.050781	0.002579
-0.751613	0.564922	0.121094	0.014664
-0.748597	0.560398	0.054688	0.002991
-0.751066	0.564101	0.089844	0.008072
-0.749310	0.561465	0.050781	0.002579
-0.750185	0.562778	0.054688	0.002991
-0.759019	0.576110	0.003906	0.000015
-0.743855	0.553321	0.035156	0.001236
-0.746956	0.557943	0.003906	0.000015
-0.762838	0.581921	0.039062	0.001526
-0.753991	0.568503	0.000000	0.000000
-0.745490	0.555755	0.015625	0.000244
-0.748828	0.560743	0.046875	0.002197
-0.747185	0.558285	0.011719	0.000137
-0.754079	0.568635	0.011719	0.000137
-0.746092	0.556654	0.070312	0.004944
-0.752557	0.566341	0.003906	0.000015
-0.742361	0.551099	0.011719	0.000137
-0.740934	0.548983	0.003906	0.000015
-0.742402	0.551160	0.007812	0.000061
-0.746638	0.557468	0.074219	0.005508
-0.752114	0.565676	0.066406	0.004410
-0.743763	0.553183	0.109375	0.011963
-0.747126	0.558197	0.054688	0.002991
-0.746102	0.556669	0.039062	0.001526
-0.744960	0.554966	0.148438	0.022034
-0.750642	0.563463	0.019531	0.000381
-0.743863	0.553333	0.023438	0.000549
-0.746940	0.557919	0.031250	0.000977
-0.749945	0.562417	0.046875	0.002197
-0.753091	0.567147	0.035156	0.001236
-0.756034	0.571588	0.050781	0.002579
-0.743068	0.552150	0.031250	0.000977
-0.756775	0.572708	0.089844	0.008072
-0.737057	0.543253	0.070312	0.004944
-0.742809	0.551765	0.082031	0.006729
-0.746064	0.556611	0.027344	0.000748
-0.742661	0.551546	0.039062	0.001526
-0.756738	0.572652	0.007812	0.000061
-0.747491	0.558743	0.046875	0.002197
-0.756759	0.572684	0.003906	0.000015
-0.743046	0.552118	0.085938	0.007385
-0.750581	0.563372	0.042969	0.001846
-0.733163	0.537528	0.003906	0.000015
-0.751896	0.565347	0.035156	0.001236
-0.754531	0.569317	0.046875	0.002197
-0.751998	0.565501	0.015625	0.000244
-0.745005	0.555033	0.003906	0.000015
-0.752198	0.565802	0.054688	0.002991
-0.749408	0.561613	0.046875	0.002197
-0.756258	0.571926	0.050781	0.002579
-0.745551	0.555846	0.074219	0.005508
-0.745375	0.555584	0.019531	0.000381
-0.740345	0.548111	0.070312	0.004944
-0.754897	0.569869	0.070312	0.004944
-0.762365	0.581201	0.003906	0.000015
-0.743644	0.553006	0.046875	0.002197
-0.749540	0.561810	0.003906	0.000015
-0.756573	0.572402	0.003906	0.000015
-0.749175	0.561263	0.003906	0.000015
-0.752214	0.565826	0.003906	0.000015
-0.748675	0.560514	0.039062	0.001526
-0.736989	0.543152	0.039062	0.001526
-0.747478	0.558723	0.027344	0.000748
-0.747491	0.558743	0.085938	0.007385
-0.749373	0.561561	0.042969	0.001846
-0.747485	0.558733	0.054688	0.002991
-0.747080	0.558129	0.000000	0.000000
-0.739518	0.546886	0.015625	0.000244
-0.750590	0.563386	0.019531	0.000381
-0.744474	0.554241	0.039062	0.001526
-0.739356	0.546648	0.015625	0.000244
-0.768143	0.590043	0.031250	0.000977
-0.763437	0.582837	0.019531	0.000381
-0.752954	0.566940	0.078125	0.006104
-0.735394	0.540805	0.085938	0.007385
-0.750767	0.563651	0.003906	0.000015
-0.744748	0.554649	0.027344	0.000748
-0.742933	0.551949	0.050781	0.002579
-0.747781	0.559176	0.058594	0.003433
-0.755722	0.571116	0.023438	0.000549
-0.748274	0.559914	0.015625	0.000244
-0.741798	0.550264	0.027344	0.000748
-0.745621	0.555951	0.070312	0.004944
-0.746250	0.556889	0.035156	0.001236
-0.746517	0.557288	0.023438	0.000549
-0.741264	0.549472	0.003906	0.000015
-0.746394	0.557103	0.050781	0.002579
-0.753665	0.568010	0.062500	0.003906
-0.754903	0.569879	0.007812	0.000061
-0.742094	0.550704	0.003906	0.000015
-0.746503	0.557267	0.015625	0.000244
-0.748592	0.560390	0.050781	0.002579
-0.753500	0.567762	0.058594	0.003433
-0.747282	0.558430	0.000000	0.000000
-0.751637	0.564959	0.003906	0.000015
-0.748568	0.560354	0.070312	0.004944
-0.740947	0.549002	0.058594	0.003433
-0.750946	0.563920	0.042969	0.001846
-0.745378	0.555588	0.070312	0.004944
-0.749438	0.561657	0.015625	0.000244
-0.749613	0.561919	0.089844	0.008072
-0.753267	0.567410	0.082031	0.006729
-0.752228	0.565848	0.070312	0.004944
-0.752581	0.566378	0.031250	0.000977
-0.745251	0.555399	0.062500	0.003906
-0.749045	0.561069	0.000000	0.000000
-0.767633	0.589260	0.031250	0.000977
-0.752344	0.566022	0.023438	0.000549
-0.750723	0.563585	0.000000	0.000000
-0.745498	0.555767	0.003906	0.000015
-0.755570	0.570886	0.046875	0.002197
-0.741815	0.550290	0.058594	0.003433
-0.740716	0.548660	0.046875	0.002197
-0.750257	0.562886	0.058594	0.003433
-0.739875	0.547415	0.039062	0.001526
-0.739451	0.546787	0.019531	0.000381
-0.764860	0.585010	0.050781	0.002579
-0.747072	0.558116	0.050781	0.002579
-0.739124	0.546305	0.011719	0.000137
-0.753600	0.567913	0.003906	0.000015
-0.744587	0.554409	0.015625	0.000244
-0.760346	0.578126	0.066406	0.004410
-0.745185	0.555300	0.042969	0.001846
-0.751231	0.564347	0.058594	0.003433
-0.756644	0.572511	0.031250	0.000977
-0.741467	0.549773	0.003906	0.000015
-0.763682	0.583211	0.066406	0.004410
-0.747179	0.558277	0.015625	0.000244
-0.749899	0.562349	0.035156	0.001236
-0.749575	0.561863	0.015625	0.000244
-0.753110	0.567174	0.085938	0.007385
-0.737469	0.543860	0.011719	0.000137
-0.744986	0.555005	0.039062	0.001526
-0.754236	0.568872	0.015625	0.000244
-0.752513	0.566275	0.031250	0.000977
-0.748649	0.560475	0.000000	0.000000
-0.747253	0.558388	0.097656	0.009537
-0.746563	0.557357	0.082031	0.006729
-0.747626	0.558944	0.031250	0.000977
-0.754451	0.569197	0.054688	0.002991
-0.743918	0.553414	0.042969	0.001846
-0.752929	0.566902	0.046875	0.002197
-0.761471	0.579838	0.046875	0.002197
-0.727696	0.529541	0.015625	0.000244
-0.746513	0.557282	0.074219	0.005508
-0.736060	0.541784	0.003906	0.000015
-0.747104	0.558164	0.046875	0.002197
-0.750774	0.563662	0.042969	0.001846
-0.751174	0.564262	0.066406	0.004410
-0.753193	0.567300	0.007812	0.000061
-0.738797	0.545821	0.042969	0.001846
-0.757573	0.573917	0.019531	0.000381
-0.739261	0.546507	0.074219	0.005508
-0.752182	0.565777	0.039062	0.001526
-0.751609	0.564916	0.003906	0.000015
-0.749017	0.561027	0.035156	0.001236
-0.747239	0.558366	0.023438	0.000549
-0.759476	0.576804	0.074219	0.005508
-0.757590	0.573942	0.011719	0.000137
-0.753531	0.567809	0.031250	0.000977
-0.750264	0.562897	0.011719	0.000137
-0.746199	0.556812	0.027344	0.000748
-0.740488	0.548322	0.015625	0.000244
-0.744363	0.554076	0.031250	0.000977
-0.755413	0.570649	0.007812	0.000061
-0.745760	0.556158	0.019531	0.000381
-0.753548	0.567834	0.035156	0.001236
-0.752630	0.566452	0.070312	0.004944
-0.749768	0.562152	0.046875	0.002197
-0.756683	0.572569	0.023438	0.000549
-0.743300	0.552496	0.050781	0.002579
-0.747307	0.558467	0.003906	0.000015
-0.757161	0.573292	0.027344	0.000748
-0.748029	0.559547	0.000000	0.000000
-0.758645	0.575542	0.011719	0.000137
-0.743589	0.552924	0.027344	0.000748
-0.746098	0.556662	0.042969	0.001846
-0.754728	0.569615	0.078125	0.006104
-0.747258	0.558395	0.023438	0.000549
-0.744734	0.554628	0.035156	0.001236
-0.745919	0.556394	0.027344	0.000748
-0.762990	0.582153	0.015625	0.000244
-0.752514	0.566277	0.062500	0.003906
-0.758293	0.575008	0.070312	0.004944
-0.744348	0.554054	0.023438	0.000549
-0.741806	0.550276	0.042969	0.001846
-0.750886	0.563830	0.046875	0.002197
-0.762676	0.581675	0.082031	0.006729
-0.762600	0.581559	0.011719	0.000137
-0.755913	0.571405	0.066406	0.004410
-0.753686	0.568043	0.015625	0.000244
-0.748396	0.560096	0.031250	0.000977
-0.738167	0.544890	0.031250	0.000977
-0.748739	0.560610	0.015625	0.000244
-0.743188	0.552328	0.062500	0.003906
-0.744016	0.553560	0.007812	0.000061
-0.751549	0.564826	0.128906	0.016617
-0.741472	0.549781	0.031250	0.000977
-0.738492	0.545370	0.058594	0.003433
-0.744041	0.553597	0.097656	0.009537
-0.741639	0.550029	0.007812	0.000061
-0.763860	0.583483	0.035156	0.001236
-0.748322	0.559985	0.019531	0.000381
-0.744906	0.554884	0.031250	0.000977
-0.742074	0.550674	0.042969	0.001846
-0.747370	0.558561	0.007812	0.000061
-0.745578	0.555886	0.031250	0.000977
-0.743089	0.552182	0.000000	0.000000
-0.751670	0.565008	0.003906	0.000015
-0.753232	0.567359	0.023438	0.000549
-0.747333	0.558507	0.109375	0.011963
-0.744713	0.554598	0.035156	0.001236
-0.760204	0.577910	0.035156	0.001236
-0.735386	0.540792	0.039062	0.001526
-0.764408	0.584319	0.035156	0.001236
-0.757150	0.573276	0.007812	0.000061
-0.751692	0.565040	0.000000	0.000000
-0.749485	0.561728	0.011719	0.000137
-0.748591	0.560388	0.019531	0.000381
-0.747854	0.559285	0.015625	0.000244
-0.739257	0.546501	0.023438	0.000549
-0.753420	0.567642	0.003906	0.000015
-0.749400	0.561600	0.046875	0.002197
-0.736944	0.543087	0.089844	0.008072
-0.748122	0.559686	0.003906	0.000015
-0.744713	0.554598	0.039062	0.001526
-0.748755	0.560634	0.027344	0.000748
-0.744725	0.554615	0.023438	0.000549
-0.744471	0.554237	0.058594	0.003433
-0.749070	0.561106	0.023438	0.000549
-0.755907	0.571396	0.074219	0.005508
-0.743381	0.552616	0.070312	0.004944
-0.746486	0.557241	0.023438	0.000549
-0.756759	0.572684	0.058594	0.003433
-0.757819	0.574290	0.015625	0.000244
-0.746722	0.557593	0.015625	0.000244
-0.742083	0.550687	0.031250	0.000977
-0.748269	0.559906	0.039062	0.001526
-0.752249	0.565879	0.035156	0.001236
-0.742770	0.551707	0.007812	0.000061
-0.758238	0.574925	0.062500	0.003906
-0.762305	0.581109	0.042969	0.001846
-0.753950	0.568441	0.039062	0.001526
-0.741969	0.550518	0.035156	0.001236
-0.749953	0.562429	0.023438	0.000549
-0.751249	0.564376	0.011719	0.000137
-0.741038	0.549137	0.062500	0.003906
-0.752967	0.566959	0.035156	0.001236
-0.747800	0.559205	0.062500	0.003906
-0.741549	0.549895	0.027344	0.000748
-0.751663	0.564997	0.066406	0.004410
-0.758961	0.576022	0.050781	0.002579
-0.762778	0.581830	0.054688	0.002991
-0.753604	0.567919	0.062500	0.003906
-0.742057	0.550649	0.066406	0.004410
-0.749045	0.561069	0.066406	0.004410
-0.757455	0.573738	0.019531	0.000381
-0.750444	0.563166	0.011719	0.000137
-0.755367	0.570579	0.066406	0.004410
-0.747454	0.558688	0.046875	0.002197
-0.757763	0.574205	0.027344	0.000748
-0.745743	0.556133	0.023438	0.000549
-0.750952	0.563929	0.046875	0.002197
-0.746794	0.557701	0.011719	0.000137
-0.755613	0.570952	0.039062	0.001526
-0.752241	0.565866	0.039062	0.001526
-0.752156	0.565739	0.046875	0.002197
-0.747058	0.558096	0.003906	0.000015
-0.744644	0.554494	0.003906	0.000015
-0.744087	0.553665	0.058594	0.003433
-0.752386	0.566085	0.031250	0.000977
-0.744141	0.553745	0.042969	0.001846
-0.761167	0.579376	0.031250	0.000977
-0.737864	0.544443	0.050781	0.002579
-0.750890	0.563836	0.003906	0.000015
-0.752182	0.565777	0.019531	0.000381
-0.757908	0.574424	0.039062	0.001526
-0.741245	0.549445	0.015625	0.000244
-0.740461	0.548283	0.027344	0.000748
-0.746740	0.557620	0.109375	0.011963
-0.746696	0.557556	0.046875	0.002197
-0.745939	0.556425	0.019531	0.000381
-0.752320	0.565985	0.003906	0.000015
-0.747863	0.559300	0.078125	0.006104
-0.749244	0.561367	0.023438	0.000549
-0.753834	0.568266	0.023438	0.000549
-0.745232	0.555371	0.011719	0.000137
-0.732134	0.536021	0.062500	0.003906
-0.745086	0.555153	0.027344	0.000748
-0.746321	0.556995	0.046875	0.002197
-0.752926	0.566897	0.062500	0.003906
-0.740034	0.547651	0.003906	0.000015
-0.758390	0.575155	0.054688	0.002991
-0.756108	0.571699	0.046875	0.002197
-0.751090	0.564137	0.011719	0.000137
-0.745548	0.555842	0.027344	0.000748
-0.748749	0.560625	0.046875	0.002197
-0.753146	0.567229	0.011719	0.000137
-0.751921	0.565385	0.062500	0.003906
-0.747992	0.559493	0.015625	0.000244
-0.750539	0.563309	0.050781	0.002579
-0.751086	0.564130	0.066406	0.004410
-0.745552	0.555848	0.074219	0.005508
-0.753259	0.567399	0.039062	0.001526
-0.747982	0.559477	0.082031	0.006729
-0.743487	0.552773	0.019531	0.000381
-0.747026	0.558048	0.101562	0.010315
-0.747931	0.559401	0.042969	0.001846
-0.747473	0.558716	0.000000	0.000000
-0.745711	0.556085	0.019531	0.000381
-0.759455	0.576771	0.062500	0.003906
-0.750954	0.563933	0.027344	0.000748
-0.753572	0.567871	0.042969	0.001846
-0.754828	0.569765	0.066406	0.004410
-0.749474	0.561712	0.011719	0.000137
-0.743143	0.552262	0.000000	0.000000
-0.765348	0.585757	0.000000	0.000000
-0.746597	0.557407	0.011719	0.000137
-0.758374	0.575131	0.007812	0.000061
-0.756457	0.572227	0.019531	0.000381
-0.746874	0.557822	0.035156	0.001236
-0.751080	0.564121	0.085938	0.007385
-0.754165	0.568765	0.066406	0.004410
-0.750876	0.563814	0.023438	0.000549
-0.745428	0.555663	0.035156	0.001236
-0.749359	0.561539	0.015625	0.000244
-0.744448	0.554203	0.027344	0.000748
-0.757890	0.574397	0.035156	0.001236
-0.748756	0.560635	0.003906	0.000015
-0.769128	0.591558	0.039062	0.001526
-0.748823	0.560735	0.035156	0.001236
-0.739196	0.546411	0.078125	0.006104
-0.741701	0.550120	0.015625	0.000244
-0.749666	0.561998	0.039062	0.001526
-0.747558	0.558844	0.027344	0.000748
-0.762076	0.580760	0.082031	0.006729
-0.745796	0.556212	0.078125	0.006104
-0.748507	0.560263	0.042969	0.001846
-0.739992	0.547588	0.011719	0.000137
-0.754368	0.569071	0.035156	0.001236
-0.745525	0.555808	0.039062	0.001526
-0.743191	0.552333	0.019531	0.000381
-0.755950	0.571461	0.015625	0.000244
-0.748472	0.560210	0.050781	0.002579
-0.760922	0.579002	0.074219	0.005508
-0.752214	0.565825	0.011719	0.000137
-0.758572	0.575432	0.003906	0.000015
-0.750504	0.563257	0.023438	0.000549
-0.746165	0.556762	0.015625	0.000244
-0.744636	0.554483	0.054688	0.002991
-0.751521	0.564784	0.031250	0.000977
-0.747837	0.559259	0.054688	0.002991
-0.747029	0.558052	0.035156	0.001236
-0.733239	0.537640	0.027344	0.000748
-0.748156	0.559738	0.046875	0.002197
-0.750009	0.562513	0.007812	0.000061
-0.742657	0.551540	0.085938	0.007385
-0.738694	0.545669	0.011719	0.000137
-0.748769	0.560655	0.003906	0.000015
-0.754346	0.569037	0.039062	0.001526
-0.746999	0.558007	0.011719	0.000137
-0.750140	0.562710	0.031250	0.000977
-0.746369	0.557067	0.117188	0.013733
-0.747876	0.559318	0.015625	0.000244
-0.753190	0.567296	0.003906	0.000015
-0.743644	0.553007	0.117188	0.013733
-0.741006	0.549091	0.007812	0.000061
-0.755635	0.570984	0.074219	0.005508
-0.752469	0.566210	0.031250	0.000977
-0.757322	0.573537	0.019531	0.000381
-0.748916	0.560875	0.035156	0.001236
-0.750874	0.563812	0.003906	0.000015
-0.741291	0.549512	0.000000	0.000000
-0.741405	0.549681	0.039062	0.001526
-0.747722	0.559088	0.011719	0.000137
-0.743366	0.552592	0.011719	0.000137
-0.758867	0.575879	0.039062	0.001526
-0.747218	0.558335	0.070312	0.004944
-0.753724	0.568100	0.003906	0.000015
-0.756702	0.572599	0.015625	0.000244
-0.748427	0.560143	0.031250	0.000977
-0.750877	0.563817	0.027344	0.000748
-0.748363	0.560046	0.101562	0.010315
-0.748232	0.559852	0.015625	0.000244
-0.753219	0.567339	0.039062	0.001526
-0.748544	0.560318	0.070312	0.004944
-0.746626	0.557450	0.042969	0.001846
-0.751412	0.564620	0.031250	0.000977
-0.746812	0.557729	0.082031	0.006729
-0.746572	0.557370	0.031250	0.000977
-0.746368	0.557065	0.019531	0.000381
-0.755290	0.570463	0.050781	0.002579
-0.765770	0.586403	0.050781	0.002579
-0.758089	0.574699	0.003906	0.000015
-0.751970	0.565458	0.023438	0.000549
-0.747342	0.558520	0.003906	0.000015
-0.746423	0.557147	0.023438	0.000549
-0.744093	0.553675	0.015625	0.000244
-0.754217	0.568843	0.035156	0.001236
-0.745639	0.555977	0.050781	0.002579
-0.744226	0.553872	0.046875	0.002197
-0.763201	0.582475	0.007812	0.000061
-0.757264	0.573449	0.007812	0.000061
-0.751902	0.565356	0.015625	0.000244
-0.764911	0.585089	0.070312	0.004944
-0.751595	0.564895	0.042969	0.001846
-0.751202	0.564304	0.078125	0.006104
-0.765344	0.585752	0.042969	0.001846
-0.745847	0.556287	0.050781	0.002579
-0.747847	0.559276	0.011719	0.000137
-0.739599	0.547007	0.015625	0.000244
-0.751903	0.565358	0.011719	0.000137
-0.746492	0.557251	0.003906	0.000015
-0.749555	0.561833	0.035156	0.001236
-0.746147	0.556735	0.042969	0.001846
-0.740871	0.548890	0.015625	0.000244
-0.747585	0.558883	0.042969	0.001846
-0.755081	0.570148	0.003906	0.000015
-0.760127	0.577792	0.074219	0.005508
-0.760147	0.577824	0.011719	0.000137
-0.758846	0.575847	0.019531	0.000381
-0.763706	0.583247	0.054688	0.002991
-0.757175	0.573314	0.011719	0.000137
-0.744399	0.554130	0.054688	0.002991
-0.750798	0.563698	0.125000	0.015625
-0.743575	0.552904	0.062500	0.003906
-0.745611	0.555935	0.000000	0.000000
-0.751282	0.564424	0.050781	0.002579
-0.752630	0.566452	0.019531	0.000381
-0.757676	0.574073	0.003906	0.000015
-0.747907	0.559365	0.074219	0.005508
-0.746894	0.557850	0.000000	0.000000
-0.748151	0.559731	0.058594	0.003433
-0.738246	0.545008	0.031250	0.000977
-0.754436	0.569173	0.019531	0.000381
-0.746816	0.557734	0.007812	0.000061
-0.743212	0.552365	0.015625	0.000244
-0.760193	0.577894	0.074219	0.005508
-0.754805	0.569730	0.027344	0.000748
-0.743355	0.552577	0.035156	0.001236
-0.750376	0.563064	0.031250	0.000977
-0.751100	0.564151	0.023438	0.000549
-0.753914	0.568387	0.078125	0.006104
-0.741036	0.549135	0.050781	0.002579
-0.743057	0.552133	0.003906	0.000015
-0.748300	0.559953	0.070312	0.004944
-0.749007	0.561012	0.039062	0.001526
-0.747700	0.559055	0.019531	0.000381
-0.759521	0.576873	0.027344	0.000748
-0.753443	0.567676	0.089844	0.008072
-0.751682	0.565026	0.015625	0.000244
-0.745606	0.555928	0.039062	0.001526
-0.752383	0.566081	0.050781	0.002579
-0.746459	0.557201	0.023438	0.000549
-0.749208	0.561313	0.007812	0.000061
-0.738080	0.544762	0.019531	0.000381
-0.754906	0.569883	0.035156	0.001236
-0.758506	0.575331	0.031250	0.000977
-0.750116	0.562675	0.011719	0.000137
-0.746043	0.556580	0.007812	0.000061
-0.751172	0.564260	0.082031	0.006729
-0.745383	0.555596	0.046875	0.002197
-0.744307	0.553992	0.007812	0.000061
-0.750596	0.563394	0.050781	0.002579
-0.759841	0.577358	0.015625	0.000244
-0.733011	0.537304	0.015625	0.000244
-0.751704	0.565059	0.035156	0.001236
-0.757194	0.573343	0.003906	0.000015
-0.742694	0.551594	0.015625	0.000244
-0.748395	0.560095	0.054688	0.002991
-0.746527	0.557302	0.039062	0.001526
-0.749490	0.561735	0.042969	0.001846
-0.749357	0.561535	0.003906	0.000015
-0.765103	0.585383	0.003906	0.000015
-0.752792	0.566696	0.035156	0.001236
-0.755612	0.570949	0.003906	0.000015
-0.750609	0.563414	0.011719	0.000137
-0.739321	0.546595	0.011719	0.000137
-0.748975	0.560963	0.066406	0.004410
-0.752507	0.566267	0.031250	0.000977
-0.740193	0.547886	0.007812	0.000061
-0.752571	0.566363	0.023438	0.000549
-0.749493	0.561740	0.050781	0.002579
-0.754411	0.569136	0.046875	0.002197
-0.738552	0.545459	0.039062	0.001526
-0.748331	0.559999	0.027344	0.000748
-0.757078	0.573166	0.136719	0.018692
-0.753424	0.567647	0.066406	0.004410
-0.743041	0.552109	0.000000	0.000000
-0.750207	0.562811	0.011719	0.000137
-0.749185	0.561278	0.078125	0.006104
-0.762893	0.582006	0.074219	0.005508
-0.748679	0.560520	0.003906	0.000015
-0.762991	0.582155	0.003906	0.000015
-0.748853	0.560780	0.046875	0.002197
-0.745328	0.555513	0.015625	0.000244
-0.739442	0.546774	0.050781	0.002579
-0.760070	0.577706	0.066406	0.004410
-0.754680	0.569542	0.011719	0.000137
-0.742563	0.551399	0.019531	0.000381
-0.750588	0.563383	0.074219	0.005508
-0.741221	0.549408	0.042969	0.001846
-0.750486	0.563229	0.027344	0.000748
-0.759643	0.577057	0.027344	0.000748
-0.747988	0.559486	0.050781	0.002579
-0.749984	0.562476	0.019531	0.000381
-0.756590	0.572429	0.027344	0.000748
-0.756502	0.572295	0.058594	0.003433
-0.749952	0.562428	0.078125	0.006104
-0.748422	0.560135	0.042969	0.001846
-0.750048	0.562571	0.011719	0.000137
-0.745107	0.555184	0.015625	0.000244
-0.745322	0.555505	0.054688	0.002991
-0.748249	0.559877	0.019531	0.000381
-0.742138	0.550768	0.015625	0.000244
-0.742522	0.551339	0.023438	0.000549
-0.739751	0.547231	0.011719	0.000137
-0.751444	0.564668	0.054688	0.002991
-0.740387	0.548172	0.011719	0.000137
-0.750303	0.562955	0.089844	0.008072
-0.756089	0.571671	0.058594	0.003433
-0.748339	0.560012	0.011719	0.000137
-0.749498	0.561747	0.042969	0.001846
-0.744900	0.554876	0.097656	0.009537
-0.743547	0.552863	0.078125	0.006104
-0.742178	0.550828	0.058594	0.003433
-0.756859	0.572836	0.011719	0.000137
-0.743674	0.553051	0.015625	0.000244
-0.752002	0.565507	0.023438	0.000549
-0.731786	0.535511	0.003906	0.000015
-0.740229	0.547939	0.023438	0.000549
-0.749314	0.561471	0.003906	0.000015
-0.758167	0.574818	0.011719	0.000137
-0.743008	0.552060	0.023438	0.000549
-0.754103	0.568672	0.023438	0.000549
-0.750441	0.563161	0.046875	0.002197
-0.752762	0.566650	0.019531	0.000381
-0.748693	0.560541	0.078125	0.006104
-0.743184	0.552322	0.050781	0.002579
-0.744467	0.554231	0.031250	0.000977
-0.755101	0.570178	0.027344	0.000748
-0.750299	0.562949	0.042969	0.001846
-0.743157	0.552282	0.027344	0.000748
-0.751848	0.565275	0.015625	0.000244
-0.747824	0.559240	0.027344	0.000748
-0.740222	0.547929	0.003906	0.000015
-0.742832	0.551799	0.011719	0.000137
-0.746091	0.556651	0.058594	0.003433
-0.738240	0.544998	0.078125	0.006104
-0.747914	0.559375	0.023438	0.000549
-0.751516	0.564776	0.027344	0.000748
-0.757446	0.573724	0.019531	0.000381
-0.751791	0.565189	0.007812	0.000061
-0.750660	0.563490	0.003906	0.000015
-0.751587	0.564883	0.015625	0.000244
-0.744789	0.554710	0.042969	0.001846
-0.757757	0.574196	0.011719	0.000137
-0.751931	0.565400	0.066406	0.004410
-0.749660	0.561990	0.003906	0.000015
-0.745940	0.556427	0.011719	0.000137
-0.749693	0.562040	0.019531	0.000381
-0.748534	0.560303	0.066406	0.004410
-0.759449	0.576763	0.039062	0.001526
-0.751422	0.564635	0.058594	0.003433
-0.748502	0.560255	0.039062	0.001526
-0.748220	0.559832	0.023438	0.000549
-0.739414	0.546734	0.027344	0.000748
-0.749472	0.561709	0.035156	0.001236
-0.750718	0.563577	0.003906	0.000015
-0.751978	0.565471	0.027344	0.000748
-0.749711	0.562067	0.003906	0.000015
-0.748749	0.560625	0.015625	0.000244
-0.755744	0.571149	0.015625	0.000244
-0.749404	0.561606	0.015625	0.000244
-0.744144	0.553750	0.121094	0.014664
-0.756401	0.572143	0.019531	0.000381
-0.757571	0.573913	0.003906	0.000015
-0.755207	0.570338	0.093750	0.008789
-0.743207	0.552357	0.015625	0.000244
-0.760188	0.577886	0.039062	0.001526
-0.743054	0.552129	0.039062	0.001526
-0.741319	0.549555	0.019531	0.000381
-0.751907	0.565365	0.031250	0.000977
-0.752285	0.565932	0.011719	0.000137
-0.761377	0.579694	0.042969	0.001846
-0.745011	0.555041	0.015625	0.000244
-0.742331	0.551056	0.023438	0.000549
-0.754536	0.569324	0.015625	0.000244
-0.748583	0.560376	0.027344	0.000748
-0.755365	0.570576	0.046875	0.002197
-0.744436	0.554185	0.011719	0.000137
-0.752883	0.566833	0.042969	0.001846
-0.751830	0.565248	0.023438	0.000549
-0.753041	0.567071	0.031250	0.000977
-0.749080	0.561121	0.070312	0.004944
-0.757699	0.574108	0.031250	0.000977
-0.748579	0.560370	0.000000	0.000000
-0.751853	0.565282	0.000000	0.000000
-0.755231	0.570373	0.011719	0.000137
-0.746671	0.557518	0.007812	0.000061
-0.755304	0.570484	0.066406	0.004410
-0.746017	0.556542	0.011719	0.000137
-0.748710	0.560566	0.031250	0.000977
-0.752685	0.566535	0.039062	0.001526
-0.746726	0.557599	0.023438	0.000549
-0.747271	0.558414	0.035156	0.001236
-0.753722	0.568096	0.003906	0.000015
-0.751863	0.565298	0.046875	0.002197
-0.736522	0.542464	0.007812	0.000061
-0.751965	0.565451	0.015625	0.000244
-0.757407	0.573665	0.015625	0.000244
-0.744658	0.554516	0.042969	0.001846
-0.755634	0.570983	0.007812	0.000061
-0.754139	0.568725	0.027344	0.000748
-0.749329	0.561495	0.046875	0.002197
-0.747495	0.558749	0.050781	0.002579
-0.753134	0.567211	0.031250	0.000977
-0.763240	0.582535	0.070312	0.004944
-0.744582	0.554403	0.019531	0.000381
-0.746536	0.557316	0.039062	0.001526
-0.749208	0.561312	0.019531	0.000381
-0.748515	0.560275	0.015625	0.000244
-0.760906	0.578978	0.031250	0.000977
-0.746005	0.556523	0.003906	0.000015
-0.758803	0.575782	0.023438	0.000549
-0.757776	0.574224	0.054688	0.002991
-0.749183	0.561275	0.003906	0.000015
-0.753533	0.567812	0.003906	0.000015
-0.753947	0.568435	0.035156	0.001236
-0.748112	0.559671	0.015625	0.000244
-0.755355	0.570561	0.039062	0.001526
-0.751709	0.565067	0.082031	0.006729
-0.745725	0.556106	0.007812	0.000061
-0.750281	0.562921	0.050781	0.002579
-0.750837	0.563756	0.035156	0.001236
-0.766385	0.587345	0.011719	0.000137
-0.753053	0.567089	0.015625	0.000244
-0.747371	0.558563	0.015625	0.000244
-0.754075	0.568630	0.031250	0.000977
-0.746919	0.557888	0.007812	0.000061
-0.761576	0.579998	0.117188	0.013733
-0.754783	0.569697	0.031250	0.000977
-0.745658	0.556006	0.046875	0.002197
-0.752995	0.567002	0.019531	0.000381
-0.754345	0.569036	0.117188	0.013733
-0.748083	0.559628	0.027344	0.000748
-0.751385	0.564579	0.023438	0.000549
-0.745526	0.555809	0.039062	0.001526
-0.749187	0.561282	0.000000	0.000000
-0.760722	0.578698	0.019531	0.000381
-0.746607	0.557423	0.015625	0.000244
-0.744861	0.554818	0.023438	0.000549
-0.741391	0.549661	0.027344	0.000748
-0.766126	0.586949	0.078125	0.006104
-0.740902	0.548936	0.027344	0.000748
-0.760495	0.578352	0.078125	0.006104
-0.745292	0.555460	0.007812	0.000061
-0.740879	0.548901	0.019531	0.000381
-0.751031	0.564047	0.019531	0.000381
-0.740901	0.548934	0.074219	0.005508
-0.746251	0.556890	0.039062	0.001526
-0.756746	0.572665	0.058594	0.003433
-0.746644	0.557478	0.023438	0.000549
-0.744384	0.554108	0.035156	0.001236
-0.745134	0.555224	0.046875	0.002197
-0.744342	0.554045	0.007812	0.000061
-0.749498	0.561748	0.062500	0.003906
-0.756101	0.571689	0.023438	0.000549
-0.735680	0.541225	0.007812	0.000061
-0.757241	0.573413	0.023438	0.000549
-0.753041	0.567071	0.042969	0.001846
-0.741863	0.550360	0.003906	0.000015
-0.740804	0.548791	0.042969	0.001846
-0.737918	0.544523	0.039062	0.001526
-0.753670	0.568018	0.085938	0.007385
-0.757806	0.574270	0.070312	0.004944
-0.746569	0.557365	0.027344	0.000748
-0.754836	0.569778	0.003906	0.000015
-0.753485	0.567740	0.011719	0.000137
-0.743196	0.552341	0.070312	0.004944
-0.747724	0.559091	0.003906	0.000015
-0.751400	0.564602	0.003906	0.000015
-0.755516	0.570804	0.078125	0.006104
-0.744280	0.553953	0.015625	0.000244
-0.749345	0.561519	0.039062	0.001526
-0.743892	0.553376	0.035156	0.001236
-0.745202	0.555326	0.035156	0.001236
-0.759548	0.576914	0.039062	0.001526
-0.745019	0.555053	0.042969	0.001846
-0.760036	0.577655	0.042969	0.001846
-0.758526	0.575361	0.074219	0.005508
-0.751096	0.564145	0.058594	0.003433
-0.757905	0.574419	0.042969	0.001846
-0.745909	0.556379	0.015625	0.000244
-0.751715	0.565076	0.011719	0.000137
-0.753191	0.567296	0.035156	0.001236
-0.741525	0.549860	0.058594	0.003433
-0.739989	0.547583	0.089844	0.008072
-0.755372	0.570586	0.054688	0.002991
-0.737805	0.544356	0.062500	0.003906
-0.754463	0.569214	0.070312	0.004944
-0.743901	0.553389	0.011719	0.000137
-0.740202	0.547898	0.058594	0.003433
-0.759089	0.576217	0.148438	0.022034
-0.757985	0.574541	0.019531	0.000381
-0.745933	0.556416	0.039062	0.001526
-0.759123	0.576268	0.003906	0.000015
-0.739545	0.546926	0.066406	0.004410
-0.752901	0.566860	0.035156	0.001236
-0.746389	0.557096	0.031250	0.000977
-0.758005	0.574572	0.011719	0.000137
-0.742244	0.550926	0.105469	0.011124
-0.747159	0.558247	0.031250	0.000977
-0.748036	0.559557	0.023438	0.000549
-0.743146	0.552266	0.011719	0.000137
-0.753209	0.567324	0.046875	0.002197
-0.753138	0.567217	0.003906	0.000015
-0.751820	0.565233	0.007812	0.000061
-0.752561	0.566349	0.019531	0.000381
-0.745156	0.555258	0.019531	0.000381
-0.743206	0.552356	0.019531	0.000381
-0.745113	0.555193	0.085938	0.007385
-0.751270	0.564407	0.031250	0.000977
-0.751449	0.564676	0.078125	0.006104
-0.749066	0.561100	0.035156	0.001236
-0.752531	0.566303	0.007812	0.000061
-0.752807	0.566719	0.007812	0.000061
-0.750137	0.562705	0.027344	0.000748
-0.757470	0.573761	0.015625	0.000244
-0.743507	0.552803	0.011719	0.000137
-0.758461	0.575263	0.015625	0.000244
-0.757448	0.573728	0.000000	0.000000
-0.743819	0.553267	0.019531	0.000381
-0.754921	0.569905	0.015625	0.000244
-0.741621	0.550001	0.039062	0.001526
-0.752814	0.566728	0.066406	0.004410
-0.758883	0.575903	0.007812	0.000061
-0.748212	0.559821	0.062500	0.003906
-0.750316	0.562974	0.019531	0.000381
-0.755236	0.570382	0.023438	0.000549
-0.759270	0.576491	0.019531	0.000381
-0.749499	0.561749	0.031250	0.000977
-0.745753	0.556147	0.035156	0.001236
-0.761422	0.579763	0.007812	0.000061
-0.735240	0.540577	0.015625	0.000244
-0.741920	0.550446	0.035156	0.001236
-0.749974	0.562462	0.050781	0.002579
-0.746817	0.557736	0.089844	0.008072
-0.737348	0.543681	0.097656	0.009537
-0.751386	0.564581	0.042969	0.001846
-0.746538	0.557319	0.035156	0.001236
-0.751571	0.564858	0.097656	0.009537
-0.753508	0.567774	0.007812	0.000061
-0.747235	0.558361	0.027344	0.000748
-0.756917	0.572924	0.007812	0.000061
-0.747431	0.558653	0.011719	0.000137
-0.747921	0.559386	0.015625	0.000244
-0.740896	0.548927	0.062500	0.003906
-0.749551	0.561827	0.019531	0.000381
-0.747989	0.559487	0.039062	0.001526
-0.747914	0.559375	0.000000	0.000000
-0.739201	0.546418	0.011719	0.000137
-0.754887	0.569854	0.007812	0.000061
-0.749557	0.561835	0.015625	0.000244
-0.743280	0.552466	0.066406	0.004410
-0.746051	0.556592	0.015625	0.000244
-0.749729	0.562094	0.054688	0.002991
-0.738643	0.545594	0.007812	0.000061
-0.738480	0.545352	0.054688	0.002991
-0.751892	0.565341	0.003906	0.000015
-0.746126	0.556704	0.031250	0.000977
-0.758862	0.575872	0.011719	0.000137
-0.751354	0.564533	0.031250	0.000977
-0.751497	0.564747	0.000000	0.000000
-0.744015	0.553558	0.046875	0.002197
-0.747973	0.559463	0.050781	0.002579
-0.744132	0.553733	0.027344	0.000748
-0.745914	0.556388	0.003906	0.000015
-0.751390	0.564587	0.023438	0.000549
-0.742609	0.551468	0.031250	0.000977
-0.756829	0.572790	0.003906	0.000015
-0.760686	0.578643	0.003906	0.000015
-0.747258	0.558395	0.035156	0.001236
-0.765688	0.586278	0.035156	0.001236
-0.754768	0.569674	0.007812	0.000061
-0.751562	0.564845	0.015625	0.000244
-0.750383	0.563074	0.031250	0.000977
-0.753115	0.567182	0.062500	0.003906
-0.737531	0.543952	0.023438	0.000549
-0.745480	0.555741	0.003906	0.000015
-0.748871	0.560807	0.046875	0.002197
-0.760387	0.578189	0.027344	0.000748
-0.756774	0.572708	0.023438	0.000549
-0.746998	0.558006	0.019531	0.000381
-0.755253	0.570407	0.062500	0.003906
-0.741385	0.549651	0.027344	0.000748
-0.748553	0.560331	0.035156	0.001236
-0.756186	0.571817	0.003906	0.000015
-0.766650	0.587752	0.039062	0.001526
-0.741355	0.549607	0.007812	0.000061
-0.758408	0.575182	0.089844	0.008072
-0.759290	0.576522	0.000000	0.000000
-0.742851	0.551828	0.019531	0.000381
-0.752107	0.565666	0.003906	0.000015
-0.748229	0.559847	0.054688	0.002991
-0.751915	0.565377	0.035156	0.001236
-0.738292	0.545075	0.011719	0.000137
-0.743648	0.553012	0.035156	0.001236
-0.746804	0.557716	0.078125	0.006104
-0.755615	0.570955	0.058594	0.003433
-0.753776	0.568178	0.031250	0.000977
-0.767767	0.589466	0.007812	0.000061
-0.753730	0.568109	0.046875	0.002197
-0.745328	0.555514	0.066406	0.004410
-0.757493	0.573795	0.050781	0.002579
-0.745766	0.556167	0.093750	0.008789
-0.745537	0.555825	0.054688	0.002991
-0.758874	0.575890	0.046875	0.002197
-0.750469	0.563204	0.027344	0.000748
-0.744512	0.554298	0.035156	0.001236
-0.735374	0.540775	0.054688	0.002991
-0.754887	0.569855	0.054688	0.002991
-0.743792	0.553226	0.050781	0.002579
-0.754049	0.568590	0.023438	0.000549
-0.741676	0.550083	0.007812	0.000061
-0.752201	0.565807	0.015625	0.000244
-0.745735	0.556121	0.011719	0.000137
-0.748564	0.560349	0.023438	0.000549
-0.753666	0.568013	0.015625	0.000244
-0.750541	0.563312	0.000000	0.000000
-0.754556	0.569356	0.042969	0.001846
-0.744663	0.554523	0.035156	0.001236
-0.757712	0.574127	0.003906	0.000015
-0.753122	0.567193	0.027344	0.000748
-0.747633	0.558955	0.062500	0.003906
-0.747661	0.558997	0.089844	0.008072
-0.755764	0.571179	0.062500	0.003906
-0.744447	0.554201	0.058594	0.003433
-0.755153	0.570256	0.027344	0.000748
-0.750231	0.562846	0.000000	0.000000
-0.762785	0.581842	0.011719	0.000137
-0.755652	0.571009	0.007812	0.000061
-0.750966	0.563949	0.007812	0.000061
-0.743366	0.552593	0.035156	0.001236
-0.755470	0.570734	0.007812	0.000061
-0.731943	0.535741	0.070312	0.004944
-0.734192	0.539038	0.003906	0.000015
-0.748057	0.559590	0.007812	0.000061
-0.752561	0.566348	0.011719	0.000137
-0.750920	0.563881	0.003906	0.000015
-0.759559	0.576930	0.031250	0.000977
-0.747047	0.558079	0.023438	0.000549
-0.747579	0.558875	0.042969	0.001846
-0.744783	0.554702	0.027344	0.000748
-0.745471	0.555727	0.003906	0.000015
-0.742971	0.552006	0.066406	0.004410
-0.748328	0.559995	0.035156	0.001236
-0.735252	0.540595	0.007812	0.000061
-0.748092	0.559642	0.015625	0.000244
-0.734478	0.539457	0.078125	0.006104
-0.741991	0.550550	0.101562	0.010315
-0.753453	0.567692	0.027344	0.000748
-0.743952	0.553464	0.019531	0.000381
-0.751563	0.564847	0.046875	0.002197
-0.750149	0.562723	0.011719	0.000137
-0.744813	0.554747	0.039062	0.001526
-0.750283	0.562925	0.019531	0.000381
-0.741779	0.550236	0.046875	0.002197
-0.743953	0.553467	0.042969	0.001846
-0.747374	0.558568	0.019531	0.000381
-0.750392	0.563089	0.023438	0.000549
-0.763451	0.582858	0.054688	0.002991
-0.744293	0.553972	0.035156	0.001236
-0.748870	0.560806	0.050781	0.002579
-0.748419	0.560131	0.054688	0.002991
-0.741218	0.549405	0.046875	0.002197
-0.748466	0.560202	0.003906	0.000015
-0.749430	0.561645	0.011719	0.000137
-0.752752	0.566636	0.027344	0.000748
-0.749834	0.562251	0.054688	0.002991
-0.736858	0.542960	0.003906	0.000015
-0.753659	0.568002	0.050781	0.002579
-0.758376	0.575134	0.003906	0.000015
-0.753519	0.567790	0.066406	0.004410
-0.744954	0.554957	0.003906	0.000015
-0.745942	0.556429	0.042969	0.001846
-0.761118	0.579301	0.050781	0.002579
-0.757743	0.574174	0.000000	0.000000
-0.751091	0.564137	0.011719	0.000137
