# Energy	Energy^2	Magnetic	Magnet^2	Cycles
-0.748898	0.560849	0.001953	0.000004	50
-0.747837	0.559261	0.016602	0.000276	38
-0.746361	0.557055	0.010742	0.000115	33
-0.743013	0.552069	0.024414	0.000596	66
-0.746819	0.557739	0.010742	0.000115	40
-0.739484	0.546836	0.006836	0.000047	38
-0.739388	0.546695	0.047852	0.002290	34
-0.753813	0.568234	0.031250	0.000977	41
-0.749630	0.561945	0.039062	0.001526	48
-0.747605	0.558913	0.009766	0.000095	28
-0.748502	0.560255	0.035156	0.001236	47
-0.741965	0.550512	0.003906	0.000015	39
-0.741923	0.550449	0.014648	0.000215	38
-0.750187	0.562781	0.016602	0.000276	42
-0.745695	0.556060	0.011719	0.000137	51
-0.749993	0.562490	0.013672	0.000187	40
-0.743961	0.553477	0.000000	0.000000	62
-0.746047	0.556586	0.006836	0.000047	35
-0.741611	0.549986	0.002930	0.000009	70
-0.743902	0.553390	0.012695	0.000161	40
-0.746787	0.557691	0.007812	0.000061	38
-0.754860	0.569813	0.046875	0.002197	41
-0.747523	0.558790	0.005859	0.000034	48
-0.742105	0.550720	0.031250	0.000977	43
-0.738806	0.545835	0.023438	0.000549	35
-0.747233	0.558356	0.003906	0.000015	31
-0.750537	0.563306	0.013672	0.000187	52
-0.745204	0.555329	0.024414	0.000596	44
-0.746454	0.557194	0.031250	0.000977	40
-0.749800	0.562199	0.002930	0.000009	78
-0.749959	0.562438	0.025391	0.000645	44
-0.742790	0.551737	0.035156	0.001236	39
-0.752921	0.566890	0.019531	0.000381	44
-0.751574	0.564864	0.024414	0.000596	36
-0.746651	0.557487	0.001953	0.000004	43
-0.744569	0.554383	0.041992	0.001763	64
-0.745177	0.555289	0.000000	0.000000	41
-0.754142	0.568730	0.034180	0.001168	41
-0.740482	0.548313	0.008789	0.000077	50
-0.746874	0.557821	0.020508	0.000421	41
-0.751781	0.565175	0.037109	0.001377	40
-0.742768	0.551704	0.041992	0.001763	42
-0.746095	0.556657	0.005859	0.000034	38
-0.743987	0.553517	0.034180	0.001168	52
-0.752906	0.566867	0.047852	0.002290	74
-0.749055	0.561084	0.000000	0.000000	31
-0.750192	0.562788	0.000000	0.000000	37
-0.747729	0.559098	0.003906	0.000015	36
-0.745818	0.556244	0.035156	0.001236	41
-0.747089	0.558143	0.029297	0.000858	34
-0.750665	0.563498	0.001953	0.000004	48
-0.746378	0.557080	0.035156	0.001236	48
-0.738604	0.545537	0.005859	0.000034	37
-0.742641	0.551515	0.031250	0.000977	44
-0.746670	0.557517	0.000000	0.000000	41
-0.754860	0.569814	0.002930	0.000009	83
-0.748565	0.560349	0.014648	0.000215	50
-0.752283	0.565930	0.032227	0.001039	48
-0.750121	0.562681	0.024414	0.000596	37
-0.744232	0.553881	0.033203	0.001102	58
-0.745561	0.555860	0.019531	0.000381	39
-0.742490	0.551292	0.053711	0.002885	44
-0.751979	0.565472	0.009766	0.000095	42
-0.749743	0.562114	0.005859	0.000034	42
-0.734221	0.539080	0.032227	0.001039	41
-0.744641	0.554491	0.031250	0.000977	43
-0.747031	0.558056	0.025391	0.000645	63
-0.743114	0.552218	0.006836	0.000047	45
-0.742985	0.552027	0.008789	0.000077	40
-0.751558	0.564840	0.003906	0.000015	36
-0.748724	0.560588	0.008789	0.000077	46
-0.745628	0.555962	0.002930	0.000009	45
-0.748340	0.560013	0.018555	0.000344	41
-0.744194	0.553824	0.013672	0.000187	49
-0.737314	0.543632	0.001953	0.000004	30
-0.743964	0.553483	0.013672	0.000187	33
-0.753331	0.567508	0.012695	0.000161	43
-0.748252	0.559882	0.007812	0.000061	58
-0.744570	0.554384	0.017578	0.000309	35
-0.749379	0.561569	0.013672	0.000187	33
-0.740251	0.547971	0.040039	0.001603	43
-0.742954	0.551981	0.002930	0.000009	35
-0.743835	0.553290	0.019531	0.000381	49
-0.749955	0.562433	0.038086	0.001451	48
-0.745194	0.555314	0.021484	0.000462	33
-0.748274	0.559914	0.009766	0.000095	41
-0.741902	0.550419	0.002930	0.000009	36
-0.747180	0.558279	0.001953	0.000004	43
-0.743262	0.552439	0.009766	0.000095	51
-0.745030	0.555070	0.011719	0.000137	36
-0.736548	0.542503	0.012695	0.000161	53
-0.746014	0.556537	0.052734	0.002781	74
-0.746283	0.556938	0.038086	0.001451	34
-0.751728	0.565095	0.000977	0.000001	31
-0.748294	0.559945	0.001953	0.000004	56
-0.752380	0.566076	0.000977	0.000001	40
-0.746182	0.556788	0.016602	0.000276	55
-0.747882	0.559327	0.023438	0.000549	38
-0.756266	0.571938	0.007812	0.000061	36
-0.748505	0.560260	0.042969	0.001846	61
-0.750494	0.563241	0.000977	0.000001	54
-0.741139	0.549287	0.019531	0.000381	41
-0.744240	0.553893	0.016602	0.000276	31
-0.738828	0.545867	0.037109	0.001377	40
-0.755309	0.570491	0.004883	0.000024	46
-0.748947	0.560922	0.013672	0.000187	48
-0.743555	0.552874	0.019531	0.000381	42
-0.753351	0.567538	0.004883	0.000024	55
-0.741815	0.550289	0.013672	0.000187	52
-0.740475	0.548303	0.007812	0.000061	48
-0.740660	0.548577	0.018555	0.000344	34
-0.745725	0.556105	0.021484	0.000462	52
-0.745503	0.555775	0.047852	0.002290	48
-0.740716	0.548659	0.003906	0.000015	37
-0.750628	0.563443	0.009766	0.000095	40
-0.748563	0.560346	0.001953	0.000004	45
-0.744120	0.553715	0.006836	0.000047	37
-0.748530	0.560298	0.010742	0.000115	52
-0.753568	0.567864	0.014648	0.000215	37
-0.744732	0.554625	0.022461	0.000504	45
-0.737507	0.543917	0.010742	0.000115	30
-0.739361	0.546654	0.014648	0.000215	43
-0.748009	0.559518	0.004883	0.000024	42
-0.742927	0.551940	0.018555	0.000344	49
-0.747810	0.559219	0.017578	0.000309	59
-0.750667	0.563501	0.003906	0.000015	32
-0.748660	0.560492	0.029297	0.000858	51
-0.752008	0.565516	0.006836	0.000047	37
-0.741871	0.550373	0.024414	0.000596	52
-0.749688	0.562032	0.018555	0.000344	43
-0.756345	0.572057	0.021484	0.000462	44
-0.752728	0.566600	0.007812	0.000061	40
-0.749604	0.561906	0.008789	0.000077	41
-0.752214	0.565826	0.034180	0.001168	41
-0.747491	0.558743	0.009766	0.000095	44
-0.747803	0.559210	0.046875	0.002197	62
-0.745448	0.555692	0.017578	0.000309	56
-0.750300	0.562950	0.005859	0.000034	41
-0.746211	0.556830	0.014648	0.000215	30
-0.749486	0.561729	0.017578	0.000309	51
-0.753990	0.568501	0.007812	0.000061	33
-0.746447	0.557183	0.030273	0.000916	46
-0.749117	0.561177	0.028320	0.000802	47
-0.745898	0.556365	0.004883	0.000024	44
-0.748157	0.559738	0.007812	0.000061	63
-0.748309	0.559966	0.000977	0.000001	37
-0.744556	0.554364	0.024414	0.000596	43
-0.742913	0.551920	0.014648	0.000215	52
-0.746135	0.556717	0.019531	0.000381	51
-0.742388	0.551140	0.009766	0.000095	45
-0.747322	0.558490	0.005859	0.000034	44
-0.746604	0.557417	0.004883	0.000024	43
-0.750702	0.563554	0.049805	0.002481	38
-0.752566	0.566356	0.029297	0.000858	42
-0.746163	0.556759	0.012695	0.000161	34
-0.746994	0.558000	0.024414	0.000596	45
-0.750301	0.562952	0.024414	0.000596	37
-0.749445	0.561668	0.004883	0.000024	48
-0.748743	0.560616	0.003906	0.000015	38
-0.748554	0.560332	0.031250	0.000977	68
-0.745777	0.556184	0.015625	0.000244	51
-0.745963	0.556461	0.012695	0.000161	46
-0.746632	0.557459	0.002930	0.000009	51
#-inf		inf			0.014648	0.000215	44
-0.752160	0.565745	0.005859	0.000034	41
-0.748416	0.560127	0.004883	0.000024	44
-0.742838	0.551808	0.038086	0.001451	46
-0.749980	0.562470	0.045898	0.002107	50
-0.746109	0.556678	0.003906	0.000015	47
-0.739019	0.546150	0.018555	0.000344	33
-0.748455	0.560185	0.004883	0.000024	48
-0.749962	0.562443	0.022461	0.000504	38
-0.745772	0.556176	0.019531	0.000381	46
-0.742550	0.551380	0.018555	0.000344	52
-0.745607	0.555929	0.009766	0.000095	33
-0.746002	0.556518	0.019531	0.000381	63
-0.747153	0.558237	0.020508	0.000421	43
-0.751101	0.564153	0.002930	0.000009	45
-0.743627	0.552981	0.025391	0.000645	53
-0.747763	0.559149	0.029297	0.000858	37
-0.745067	0.555125	0.042969	0.001846	37
-0.750579	0.563368	0.004883	0.000024	35
-0.749408	0.561612	0.004883	0.000024	45
-0.747644	0.558972	0.003906	0.000015	37
-0.747364	0.558553	0.006836	0.000047	33
-0.750470	0.563205	0.027344	0.000748	33
-0.747620	0.558935	0.011719	0.000137	43
-0.746084	0.556642	0.076172	0.005802	56
-0.739364	0.546659	0.013672	0.000187	38
-0.738817	0.545851	0.029297	0.000858	44
-0.746114	0.556687	0.035156	0.001236	45
-0.752724	0.566593	0.023438	0.000549	48
-0.743215	0.552369	0.026367	0.000695	37
-0.742563	0.551399	0.005859	0.000034	54
-0.746144	0.556730	0.022461	0.000504	44
-0.748469	0.560206	0.017578	0.000309	54
-0.743305	0.552502	0.021484	0.000462	33
-0.752399	0.566105	0.007812	0.000061	42
-0.739313	0.546583	0.017578	0.000309	82
-0.744415	0.554154	0.003906	0.000015	58
-0.752453	0.566186	0.000977	0.000001	71
-0.749265	0.561397	0.033203	0.001102	43
-0.750899	0.563849	0.017578	0.000309	89
-0.749719	0.562079	0.009766	0.000095	46
-0.750786	0.563679	0.033203	0.001102	42
-0.748419	0.560131	0.010742	0.000115	62
-0.750754	0.563631	0.042969	0.001846	46
-0.749091	0.561137	0.016602	0.000276	44
-0.746805	0.557718	0.021484	0.000462	40
-0.753429	0.567656	0.000000	0.000000	32
-0.751422	0.564636	0.035156	0.001236	59
-0.745789	0.556202	0.007812	0.000061	43
-0.748924	0.560888	0.035156	0.001236	35
-0.745713	0.556087	0.008789	0.000077	59
-0.750693	0.563539	0.005859	0.000034	75
-0.741617	0.549996	0.022461	0.000504	38
-0.746325	0.557001	0.006836	0.000047	41
-0.740948	0.549004	0.013672	0.000187	56
-0.754390	0.569104	0.026367	0.000695	40
-0.752744	0.566623	0.020508	0.000421	71
-0.746825	0.557748	0.047852	0.002290	64
-0.755266	0.570427	0.007812	0.000061	46
-0.750476	0.563215	0.031250	0.000977	41
-0.748602	0.560406	0.015625	0.000244	72
-0.742155	0.550794	0.004883	0.000024	36
-0.743483	0.552767	0.020508	0.000421	36
-0.744858	0.554814	0.045898	0.002107	49
-0.749410	0.561615	0.004883	0.000024	49
-0.745638	0.555976	0.014648	0.000215	61
-0.744016	0.553560	0.040039	0.001603	50
-0.742278	0.550976	0.012695	0.000161	48
-0.743656	0.553024	0.005859	0.000034	48
-0.748743	0.560616	0.019531	0.000381	48
-0.740730	0.548680	0.000977	0.000001	49
-0.746877	0.557825	0.003906	0.000015	45
-0.746809	0.557724	0.015625	0.000244	46
-0.750451	0.563176	0.031250	0.000977	69
-0.741816	0.550291	0.008789	0.000077	57
-0.742323	0.551044	0.019531	0.000381	46
-0.745818	0.556244	0.007812	0.000061	47
-0.746719	0.557589	0.012695	0.000161	42
-0.743342	0.552557	0.004883	0.000024	53
-0.750765	0.563648	0.022461	0.000504	49
-0.747240	0.558367	0.005859	0.000034	46
-0.744409	0.554145	0.012695	0.000161	38
-0.735490	0.540946	0.002930	0.000009	38
-0.745272	0.555430	0.021484	0.000462	42
-0.746333	0.557013	0.009766	0.000095	45
-0.743466	0.552742	0.007812	0.000061	36
-0.750337	0.563006	0.013672	0.000187	36
-0.743942	0.553450	0.006836	0.000047	49
-0.740868	0.548886	0.002930	0.000009	51
-0.743716	0.553114	0.020508	0.000421	50
-0.760441	0.578270	0.052734	0.002781	31
-0.748803	0.560705	0.001953	0.000004	68
-0.747684	0.559031	0.027344	0.000748	39
-0.748870	0.560807	0.012695	0.000161	47
-0.748597	0.560397	0.009766	0.000095	36
-0.744075	0.553647	0.027344	0.000748	47
-0.742500	0.551307	0.020508	0.000421	40
-0.751139	0.564209	0.007812	0.000061	41
-0.743679	0.553059	0.007812	0.000061	42
-0.749697	0.562046	0.012695	0.000161	29
-0.746428	0.557155	0.006836	0.000047	32
-0.751163	0.564246	0.049805	0.002481	61
-0.749301	0.561452	0.028320	0.000802	46
-0.742016	0.550587	0.004883	0.000024	45
-0.747962	0.559446	0.058594	0.003433	47
-0.750824	0.563737	0.013672	0.000187	69
-0.744101	0.553686	0.009766	0.000095	92
-0.753427	0.567653	0.017578	0.000309	36
-0.749560	0.561840	0.007812	0.000061	49
-0.753245	0.567377	0.009766	0.000095	39
-0.750315	0.562972	0.015625	0.000244	46
-0.742390	0.551143	0.002930	0.000009	37
-0.741398	0.549671	0.003906	0.000015	42
-0.746832	0.557758	0.004883	0.000024	47
-0.745478	0.555738	0.032227	0.001039	33
-0.750690	0.563536	0.015625	0.000244	59
-0.746279	0.556932	0.022461	0.000504	45
-0.744045	0.553603	0.010742	0.000115	35
-0.745859	0.556305	0.004883	0.000024	48
-0.746282	0.556937	0.040039	0.001603	43
-0.746118	0.556692	0.018555	0.000344	43
-0.743550	0.552867	0.026367	0.000695	60
-0.754832	0.569771	0.005859	0.000034	44
-0.736383	0.542260	0.003906	0.000015	47
-0.745229	0.555367	0.001953	0.000004	58
-0.747689	0.559038	0.000977	0.000001	56
-0.754586	0.569400	0.027344	0.000748	42
-0.749689	0.562033	0.040039	0.001603	36
-0.742282	0.550983	0.019531	0.000381	44
-0.755361	0.570571	0.013672	0.000187	51
-0.748762	0.560644	0.023438	0.000549	45
-0.737966	0.544594	0.021484	0.000462	45
-0.751711	0.565069	0.018555	0.000344	53
-0.746394	0.557104	0.033203	0.001102	60
-0.749821	0.562231	0.016602	0.000276	49
-0.750994	0.563992	0.008789	0.000077	48
-0.745295	0.555465	0.019531	0.000381	36
-0.737891	0.544483	0.013672	0.000187	74
-0.744062	0.553628	0.027344	0.000748	49
-0.747260	0.558398	0.027344	0.000748	39
-0.748171	0.559760	0.011719	0.000137	45
-0.737633	0.544102	0.017578	0.000309	46
-0.742055	0.550646	0.000977	0.000001	49
-0.750315	0.562972	0.000977	0.000001	47
-0.745015	0.555048	0.001953	0.000004	33
-0.743645	0.553009	0.004883	0.000024	49
-0.744092	0.553672	0.007812	0.000061	46
-0.742820	0.551782	0.002930	0.000009	41
-0.744922	0.554908	0.023438	0.000549	57
-0.750436	0.563154	0.022461	0.000504	42
-0.746843	0.557774	0.010742	0.000115	45
-0.748012	0.559522	0.011719	0.000137	52
-0.744499	0.554279	0.027344	0.000748	38
-0.742719	0.551631	0.036133	0.001306	46
-0.751340	0.564512	0.006836	0.000047	44
-0.746183	0.556788	0.017578	0.000309	51
-0.742041	0.550625	0.054688	0.002991	68
-0.752400	0.566106	0.065430	0.004281	55
-0.752747	0.566628	0.023438	0.000549	44
-0.747368	0.558559	0.036133	0.001306	28
-0.749730	0.562095	0.007812	0.000061	53
-0.745283	0.555447	0.001953	0.000004	44
-0.746263	0.556909	0.015625	0.000244	38
-0.754832	0.569771	0.003906	0.000015	46
-0.741377	0.549640	0.013672	0.000187	47
-0.748950	0.560926	0.001953	0.000004	46
-0.750864	0.563796	0.013672	0.000187	41
-0.748900	0.560851	0.018555	0.000344	42
-0.743369	0.552598	0.004883	0.000024	55
-0.748453	0.560182	0.018555	0.000344	63
-0.748160	0.559744	0.044922	0.002018	76
-0.745918	0.556393	0.027344	0.000748	39
-0.746933	0.557908	0.004883	0.000024	41
-0.750871	0.563808	0.017578	0.000309	42
-0.746537	0.557317	0.025391	0.000645	47
-0.744601	0.554431	0.011719	0.000137	49
-0.750369	0.563054	0.005859	0.000034	48
-0.743486	0.552771	0.018555	0.000344	46
-0.750296	0.562944	0.039062	0.001526	37
-0.741885	0.550394	0.020508	0.000421	36
-0.747488	0.558738	0.011719	0.000137	35
-0.752911	0.566875	0.007812	0.000061	38
-0.744557	0.554365	0.002930	0.000009	37
-0.754452	0.569198	0.008789	0.000077	29
-0.752199	0.565803	0.000977	0.000001	49
-0.747822	0.559238	0.008789	0.000077	41
-0.750429	0.563144	0.012695	0.000161	47
-0.746582	0.557385	0.006836	0.000047	46
-0.744094	0.553676	0.032227	0.001039	41
-0.747518	0.558784	0.020508	0.000421	41
-0.738459	0.545322	0.005859	0.000034	26
-0.749882	0.562323	0.008789	0.000077	54
-0.745468	0.555722	0.003906	0.000015	54
-0.746694	0.557552	0.002930	0.000009	50
-0.740046	0.547669	0.028320	0.000802	49
-0.741464	0.549769	0.011719	0.000137	43
-0.745972	0.556474	0.003906	0.000015	32
-0.751202	0.564305	0.041992	0.001763	44
-0.748161	0.559745	0.014648	0.000215	36
-0.745194	0.555314	0.003906	0.000015	71
-0.755900	0.571385	0.033203	0.001102	60
-0.737386	0.543738	0.004883	0.000024	47
-0.746178	0.556781	0.008789	0.000077	55
-0.745365	0.555569	0.004883	0.000024	47
-0.745701	0.556070	0.003906	0.000015	75
-0.747848	0.559277	0.027344	0.000748	35
-0.742573	0.551414	0.012695	0.000161	40
-0.754328	0.569011	0.051758	0.002679	40
-0.745646	0.555988	0.006836	0.000047	45
-0.743331	0.552541	0.021484	0.000462	54
-0.752761	0.566649	0.004883	0.000024	42
-0.739488	0.546842	0.042969	0.001846	48
-0.743721	0.553122	0.026367	0.000695	42
-0.745046	0.555094	0.018555	0.000344	44
-0.748448	0.560175	0.004883	0.000024	50
-0.747974	0.559466	0.041992	0.001763	29
-0.749399	0.561599	0.048828	0.002384	42
-0.749463	0.561695	0.045898	0.002107	42
-0.743783	0.553213	0.000977	0.000001	41
-0.743818	0.553266	0.008789	0.000077	46
-0.745502	0.555773	0.022461	0.000504	46
-0.748027	0.559545	0.022461	0.000504	49
-0.742377	0.551124	0.022461	0.000504	58
-0.747615	0.558929	0.015625	0.000244	78
-0.753225	0.567348	0.013672	0.000187	55
-0.753759	0.568153	0.002930	0.000009	51
-0.751914	0.565375	0.011719	0.000137	47
-0.741843	0.550331	0.020508	0.000421	37
-0.749712	0.562068	0.027344	0.000748	52
-0.754896	0.569867	0.005859	0.000034	34
-0.742321	0.551041	0.005859	0.000034	40
-0.742176	0.550825	0.047852	0.002290	35
-0.744789	0.554710	0.022461	0.000504	38
-0.747502	0.558760	0.007812	0.000061	42
-0.744458	0.554217	0.001953	0.000004	40
-0.745279	0.555441	0.032227	0.001039	47
-0.745830	0.556263	0.015625	0.000244	55
-0.745563	0.555864	0.000977	0.000001	39
-0.746486	0.557241	0.040039	0.001603	35
-0.749166	0.561250	0.023438	0.000549	39
-0.749311	0.561467	0.028320	0.000802	46
-0.745120	0.555203	0.020508	0.000421	47
-0.744307	0.553993	0.003906	0.000015	54
-0.745876	0.556332	0.023438	0.000549	40
-0.752735	0.566609	0.005859	0.000034	49
-0.752872	0.566816	0.011719	0.000137	50
-0.739076	0.546233	0.006836	0.000047	57
-0.742385	0.551136	0.007812	0.000061	43
-0.748432	0.560150	0.002930	0.000009	43
-0.750986	0.563980	0.007812	0.000061	44
-0.753944	0.568431	0.009766	0.000095	40
-0.747965	0.559451	0.020508	0.000421	31
-0.752053	0.565583	0.014648	0.000215	39
-0.748855	0.560784	0.037109	0.001377	35
-0.750267	0.562900	0.022461	0.000504	49
-0.743692	0.553077	0.014648	0.000215	42
-0.743129	0.552241	0.002930	0.000009	49
-0.750503	0.563255	0.003906	0.000015	45
-0.747019	0.558037	0.018555	0.000344	34
-0.746882	0.557832	0.040039	0.001603	36
-0.745258	0.555410	0.004883	0.000024	37
-0.744338	0.554039	0.021484	0.000462	68
-0.742571	0.551412	0.025391	0.000645	40
-0.742408	0.551170	0.015625	0.000244	41
-0.742498	0.551303	0.020508	0.000421	42
-0.745942	0.556430	0.001953	0.000004	37
-0.749530	0.561795	0.014648	0.000215	43
-0.744975	0.554988	0.064453	0.004154	51
-0.748849	0.560775	0.009766	0.000095	40
-0.756919	0.572926	0.039062	0.001526	63
-0.750055	0.562583	0.040039	0.001603	39
-0.751199	0.564300	0.014648	0.000215	37
-0.751287	0.564433	0.022461	0.000504	41
-0.738856	0.545909	0.000977	0.000001	38
-0.753812	0.568233	0.022461	0.000504	49
-0.748877	0.560817	0.029297	0.000858	49
-0.741475	0.549785	0.000977	0.000001	55
-0.751226	0.564341	0.010742	0.000115	47
-0.741443	0.549738	0.012695	0.000161	35
-0.742421	0.551188	0.031250	0.000977	54
-0.745544	0.555837	0.050781	0.002579	45
-0.749274	0.561411	0.020508	0.000421	43
-0.745074	0.555135	0.012695	0.000161	43
-0.748185	0.559780	0.030273	0.000916	44
-0.746489	0.557246	0.041016	0.001682	38
-0.746025	0.556553	0.021484	0.000462	36
-0.747884	0.559330	0.015625	0.000244	49
-0.752340	0.566015	0.005859	0.000034	60
-0.738641	0.545591	0.024414	0.000596	32
-0.745879	0.556335	0.027344	0.000748	40
-0.749607	0.561910	0.000977	0.000001	49
-0.740277	0.548010	0.005859	0.000034	64
-0.746820	0.557740	0.019531	0.000381	40
-0.745402	0.555624	0.012695	0.000161	38
-0.740916	0.548957	0.002930	0.000009	42
-0.741825	0.550305	0.018555	0.000344	49
-0.751029	0.564044	0.005859	0.000034	38
-0.747338	0.558515	0.022461	0.000504	78
-0.739460	0.546801	0.028320	0.000802	53
-0.749805	0.562207	0.022461	0.000504	43
-0.749113	0.561171	0.019531	0.000381	44
-0.746880	0.557830	0.000977	0.000001	46
-0.746026	0.556554	0.027344	0.000748	65
-0.746999	0.558007	0.016602	0.000276	35
-0.744394	0.554123	0.026367	0.000695	62
-0.744453	0.554211	0.020508	0.000421	61
-0.749054	0.561082	0.009766	0.000095	33
-0.746011	0.556532	0.008789	0.000077	55
-0.751664	0.564998	0.010742	0.000115	49
-0.742640	0.551514	0.020508	0.000421	86
-0.751092	0.564140	0.011719	0.000137	60
-0.747986	0.559483	0.018555	0.000344	34
-0.745808	0.556230	0.005859	0.000034	55
-0.745005	0.555033	0.006836	0.000047	38
-0.750416	0.563124	0.010742	0.000115	45
-0.742910	0.551916	0.006836	0.000047	51
-0.753478	0.567730	0.025391	0.000645	44
-0.739479	0.546830	0.005859	0.000034	40
-0.736877	0.542987	0.037109	0.001377	55
-0.747349	0.558530	0.004883	0.000024	54
-0.752466	0.566205	0.014648	0.000215	50
-0.750059	0.562588	0.000977	0.000001	39
-0.754142	0.568730	0.005859	0.000034	43
-0.747555	0.558839	0.027344	0.000748	44
-0.753617	0.567939	0.031250	0.000977	55
-0.749944	0.562417	0.023438	0.000549	40
-0.753886	0.568344	0.008789	0.000077	38
-0.748890	0.560836	0.009766	0.000095	58
-0.746597	0.557407	0.011719	0.000137	48
-0.744648	0.554500	0.033203	0.001102	33
-0.749325	0.561488	0.035156	0.001236	44
-0.750430	0.563145	0.023438	0.000549	42
-0.746491	0.557249	0.018555	0.000344	33
-0.743248	0.552418	0.020508	0.000421	47
-0.745891	0.556354	0.023438	0.000549	43
-0.750633	0.563451	0.007812	0.000061	54
-0.749195	0.561293	0.020508	0.000421	37
-0.743904	0.553393	0.010742	0.000115	57
-0.744798	0.554724	0.007812	0.000061	65
-0.745702	0.556071	0.021484	0.000462	53
-0.749862	0.562293	0.026367	0.000695	38
-0.749669	0.562004	0.020508	0.000421	42
-0.751440	0.564662	0.000977	0.000001	49
-0.742459	0.551245	0.016602	0.000276	71
-0.748111	0.559670	0.014648	0.000215	38
-0.742110	0.550728	0.063477	0.004029	50
-0.746775	0.557673	0.024414	0.000596	58
-0.743887	0.553368	0.016602	0.000276	44
-0.750193	0.562789	0.032227	0.001039	48
-0.756442	0.572204	0.014648	0.000215	41
-0.749703	0.562055	0.011719	0.000137	49
-0.751771	0.565159	0.000977	0.000001	68
-0.739400	0.546713	0.010742	0.000115	46
-0.744897	0.554871	0.007812	0.000061	63
-0.744803	0.554731	0.016602	0.000276	49
-0.745164	0.555270	0.008789	0.000077	43
-0.747718	0.559083	0.000977	0.000001	42
-0.743290	0.552481	0.026367	0.000695	47
-0.742965	0.551996	0.015625	0.000244	37
-0.752314	0.565976	0.023438	0.000549	43
-0.747466	0.558705	0.033203	0.001102	61
-0.744554	0.554361	0.010742	0.000115	43
-0.752321	0.565987	0.004883	0.000024	39
-0.756316	0.572014	0.001953	0.000004	46
-0.750076	0.562614	0.001953	0.000004	68
-0.745539	0.555829	0.029297	0.000858	43
-0.746947	0.557929	0.005859	0.000034	48
-0.757035	0.573102	0.010742	0.000115	36
-0.742698	0.551601	0.009766	0.000095	36
-0.741647	0.550040	0.014648	0.000215	47
-0.751605	0.564910	0.002930	0.000009	37
-0.745981	0.556488	0.004883	0.000024	36
-0.746670	0.557517	0.019531	0.000381	48
-0.745684	0.556045	0.025391	0.000645	45
-0.747170	0.558262	0.061523	0.003785	35
-0.747226	0.558346	0.025391	0.000645	32
-0.742483	0.551282	0.015625	0.000244	48
-0.745929	0.556410	0.024414	0.000596	65
-0.741447	0.549743	0.004883	0.000024	38
-0.749840	0.562260	0.006836	0.000047	50
-0.740410	0.548207	0.030273	0.000916	47
-0.750455	0.563183	0.026367	0.000695	72
-0.750490	0.563235	0.003906	0.000015	54
-0.740813	0.548803	0.048828	0.002384	38
-0.749528	0.561793	0.018555	0.000344	40
-0.752529	0.566300	0.012695	0.000161	41
-0.753648	0.567985	0.001953	0.000004	35
-0.744504	0.554285	0.014648	0.000215	40
-0.743808	0.553251	0.012695	0.000161	50
-0.750991	0.563987	0.022461	0.000504	46
-0.747375	0.558569	0.018555	0.000344	46
-0.744306	0.553991	0.043945	0.001931	47
-0.752033	0.565554	0.010742	0.000115	52
-0.746067	0.556616	0.012695	0.000161	49
-0.742654	0.551535	0.023438	0.000549	42
-0.747851	0.559282	0.014648	0.000215	48
-0.748180	0.559773	0.010742	0.000115	44
-0.750868	0.563803	0.012695	0.000161	69
-0.748723	0.560586	0.017578	0.000309	48
-0.748359	0.560042	0.011719	0.000137	42
-0.740878	0.548900	0.048828	0.002384	31
-0.743567	0.552893	0.010742	0.000115	28
-0.745242	0.555386	0.029297	0.000858	70
-0.752525	0.566295	0.001953	0.000004	51
-0.743055	0.552131	0.014648	0.000215	36
-0.747372	0.558564	0.028320	0.000802	41
-0.744246	0.553902	0.035156	0.001236	44
-0.747846	0.559274	0.022461	0.000504	40
-0.748074	0.559614	0.030273	0.000916	43
-0.746155	0.556747	0.004883	0.000024	64
-0.736899	0.543020	0.025391	0.000645	44
-0.739402	0.546715	0.000977	0.000001	46
-0.748161	0.559745	0.032227	0.001039	43
-0.746052	0.556593	0.001953	0.000004	42
-0.747764	0.559151	0.059570	0.003549	37
-0.751422	0.564636	0.013672	0.000187	47
-0.746504	0.557268	0.050781	0.002579	49
-0.751797	0.565199	0.018555	0.000344	44
-0.747458	0.558693	0.032227	0.001039	42
-0.747221	0.558339	0.008789	0.000077	34
-0.744201	0.553835	0.023438	0.000549	45
-0.744240	0.553893	0.012695	0.000161	33
-0.748452	0.560181	0.006836	0.000047	42
-0.753776	0.568178	0.029297	0.000858	43
-0.744175	0.553796	0.001953	0.000004	52
-0.750077	0.562615	0.038086	0.001451	46
-0.743551	0.552869	0.011719	0.000137	61
-0.755777	0.571199	0.006836	0.000047	38
-0.748504	0.560258	0.022461	0.000504	51
-0.749823	0.562235	0.022461	0.000504	37
-0.745182	0.555296	0.045898	0.002107	47
-0.750124	0.562686	0.000977	0.000001	49
-0.743997	0.553532	0.022461	0.000504	40
-0.757088	0.573182	0.025391	0.000645	47
-0.757726	0.574148	0.004883	0.000024	78
-0.738633	0.545579	0.020508	0.000421	47
-0.745979	0.556485	0.020508	0.000421	39
-0.748404	0.560109	0.016602	0.000276	48
-0.745168	0.555275	0.014648	0.000215	36
-0.748393	0.560092	0.021484	0.000462	63
-0.747976	0.559469	0.013672	0.000187	49
-0.751187	0.564282	0.059570	0.003549	57
-0.741096	0.549223	0.022461	0.000504	48
-0.747484	0.558733	0.017578	0.000309	46
-0.744164	0.553781	0.020508	0.000421	59
-0.751138	0.564208	0.030273	0.000916	32
-0.746461	0.557204	0.042969	0.001846	53
-0.746197	0.556809	0.014648	0.000215	48
-0.741896	0.550410	0.007812	0.000061	54
-0.747004	0.558015	0.021484	0.000462	47
-0.744280	0.553953	0.004883	0.000024	49
-0.754033	0.568566	0.028320	0.000802	50
-0.750674	0.563511	0.029297	0.000858	44
-0.746524	0.557299	0.002930	0.000009	41
-0.754578	0.569387	0.006836	0.000047	47
-0.745993	0.556505	0.035156	0.001236	42
-0.746282	0.556937	0.016602	0.000276	56
-0.746265	0.556912	0.001953	0.000004	48
-0.744439	0.554190	0.031250	0.000977	30
-0.742215	0.550884	0.014648	0.000215	30
-0.749712	0.562068	0.003906	0.000015	42
-0.751325	0.564489	0.020508	0.000421	39
-0.749995	0.562492	0.015625	0.000244	46
-0.742143	0.550776	0.026367	0.000695	35
-0.751077	0.564117	0.025391	0.000645	53
-0.742895	0.551892	0.018555	0.000344	41
-0.749471	0.561706	0.010742	0.000115	36
-0.749766	0.562149	0.016602	0.000276	45
-0.747290	0.558442	0.022461	0.000504	44
-0.745512	0.555788	0.010742	0.000115	48
-0.747866	0.559304	0.031250	0.000977	58
-0.749370	0.561556	0.035156	0.001236	49
-0.748677	0.560518	0.004883	0.000024	40
-0.741570	0.549927	0.019531	0.000381	47
-0.752702	0.566560	0.012695	0.000161	42
-0.740332	0.548092	0.027344	0.000748	46
-0.750024	0.562536	0.008789	0.000077	33
-0.748586	0.560381	0.029297	0.000858	36
-0.746976	0.557973	0.023438	0.000549	34
-0.746722	0.557594	0.022461	0.000504	46
-0.751109	0.564165	0.000000	0.000000	44
-0.749876	0.562314	0.047852	0.002290	35
-0.742615	0.551477	0.002930	0.000009	35
-0.743581	0.552913	0.038086	0.001451	51
-0.746352	0.557041	0.018555	0.000344	43
-0.751537	0.564807	0.031250	0.000977	36
-0.746431	0.557159	0.030273	0.000916	46
-0.752444	0.566172	0.029297	0.000858	62
-0.740291	0.548031	0.037109	0.001377	53
-0.742152	0.550790	0.002930	0.000009	70
-0.748857	0.560787	0.031250	0.000977	38
-0.756015	0.571559	0.041992	0.001763	36
-0.741646	0.550039	0.006836	0.000047	41
-0.756466	0.572241	0.006836	0.000047	44
-0.746885	0.557838	0.019531	0.000381	45
-0.749095	0.561143	0.036133	0.001306	57
-0.747186	0.558286	0.007812	0.000061	48
-0.747691	0.559042	0.002930	0.000009	56
-0.743815	0.553261	0.002930	0.000009	41
-0.750037	0.562556	0.017578	0.000309	33
-0.753359	0.567549	0.030273	0.000916	36
-0.752311	0.565971	0.000000	0.000000	34
-0.747694	0.559046	0.027344	0.000748	37
-0.742426	0.551196	0.007812	0.000061	46
-0.741619	0.549999	0.011719	0.000137	39
-0.742610	0.551469	0.005859	0.000034	40
-0.751521	0.564784	0.039062	0.001526	39
-0.742685	0.551582	0.016602	0.000276	34
-0.748178	0.559770	0.009766	0.000095	74
-0.747188	0.558290	0.019531	0.000381	39
-0.746193	0.556804	0.011719	0.000137	60
-0.745493	0.555760	0.015625	0.000244	44
-0.746575	0.557374	0.023438	0.000549	36
-0.746743	0.557625	0.021484	0.000462	37
-0.752442	0.566169	0.022461	0.000504	42
-0.747380	0.558577	0.031250	0.000977	65
-0.745581	0.555892	0.002930	0.000009	31
-0.739124	0.546304	0.027344	0.000748	27
-0.752958	0.566946	0.005859	0.000034	44
-0.744030	0.553580	0.034180	0.001168	58
-0.745919	0.556395	0.023438	0.000549	34
-0.747714	0.559076	0.008789	0.000077	40
-0.748605	0.560409	0.027344	0.000748	28
-0.749477	0.561716	0.038086	0.001451	43
-0.744947	0.554947	0.025391	0.000645	31
-0.748659	0.560490	0.004883	0.000024	55
-0.746875	0.557823	0.018555	0.000344	87
-0.752042	0.565567	0.008789	0.000077	47
-0.742616	0.551479	0.032227	0.001039	48
-0.745659	0.556008	0.019531	0.000381	53
-0.752398	0.566103	0.028320	0.000802	41
-0.743186	0.552325	0.032227	0.001039	43
-0.742359	0.551096	0.004883	0.000024	37
-0.756014	0.571557	0.024414	0.000596	49
-0.746793	0.557700	0.015625	0.000244	37
-0.744546	0.554349	0.026367	0.000695	38
-0.748325	0.559990	0.018555	0.000344	52
-0.753461	0.567703	0.044922	0.002018	52
-0.744765	0.554676	0.042969	0.001846	46
-0.743211	0.552362	0.000977	0.000001	57
-0.749961	0.562441	0.034180	0.001168	47
-0.737876	0.544461	0.002930	0.000009	45
-0.751478	0.564719	0.000977	0.000001	37
-0.740666	0.548586	0.034180	0.001168	36
-0.741764	0.550214	0.024414	0.000596	44
-0.742488	0.551288	0.025391	0.000645	70
-0.748667	0.560503	0.025391	0.000645	45
-0.750956	0.563935	0.003906	0.000015	43
-0.743271	0.552452	0.001953	0.000004	35
-0.744914	0.554897	0.015625	0.000244	40
-0.750378	0.563068	0.022461	0.000504	48
-0.748859	0.560790	0.047852	0.002290	49
-0.744968	0.554978	0.013672	0.000187	58
-0.750542	0.563314	0.024414	0.000596	39
-0.748127	0.559693	0.030273	0.000916	50
-0.749866	0.562298	0.042969	0.001846	42
-0.755623	0.570966	0.005859	0.000034	61
-0.745153	0.555252	0.002930	0.000009	87
-0.742553	0.551386	0.022461	0.000504	33
-0.751134	0.564202	0.008789	0.000077	40
-0.748080	0.559624	0.031250	0.000977	36
-0.746613	0.557432	0.019531	0.000381	49
-0.742248	0.550933	0.000977	0.000001	38
-0.745491	0.555756	0.015625	0.000244	31
-0.741963	0.550510	0.028320	0.000802	42
-0.748230	0.559848	0.016602	0.000276	52
-0.753472	0.567720	0.051758	0.002679	55
-0.742383	0.551133	0.008789	0.000077	38
-0.744715	0.554600	0.018555	0.000344	66
-0.751214	0.564322	0.013672	0.000187	41
-0.749495	0.561743	0.026367	0.000695	51
-0.743692	0.553077	0.024414	0.000596	44
-0.748559	0.560341	0.037109	0.001377	49
-0.748059	0.559593	0.002930	0.000009	61
-0.748088	0.559636	0.008789	0.000077	52
-0.745963	0.556461	0.009766	0.000095	52
-0.745602	0.555923	0.015625	0.000244	58
-0.746610	0.557427	0.000977	0.000001	64
-0.748777	0.560668	0.010742	0.000115	48
-0.747309	0.558471	0.022461	0.000504	45
-0.750407	0.563111	0.022461	0.000504	45
-0.749317	0.561476	0.023438	0.000549	42
-0.742414	0.551178	0.008789	0.000077	50
-0.748306	0.559961	0.022461	0.000504	47
-0.743461	0.552735	0.012695	0.000161	45
-0.749052	0.561079	0.001953	0.000004	40
-0.748215	0.559826	0.035156	0.001236	50
-0.743152	0.552275	0.054688	0.002991	37
-0.752793	0.566698	0.013672	0.000187	56
-0.748358	0.560039	0.016602	0.000276	46
-0.750511	0.563267	0.026367	0.000695	45
-0.750919	0.563879	0.022461	0.000504	40
-0.750114	0.562671	0.029297	0.000858	49
-0.744033	0.553585	0.013672	0.000187	61
-0.743814	0.553259	0.021484	0.000462	43
-0.747326	0.558496	0.006836	0.000047	50
-0.742390	0.551142	0.010742	0.000115	43
-0.750148	0.562722	0.029297	0.000858	41
-0.751791	0.565189	0.039062	0.001526	44
-0.740368	0.548144	0.023438	0.000549	43
-0.753566	0.567862	0.014648	0.000215	40
-0.750460	0.563190	0.016602	0.000276	42
-0.745420	0.555651	0.001953	0.000004	72
-0.748476	0.560217	0.042969	0.001846	46
-0.748792	0.560689	0.042969	0.001846	48
-0.743725	0.553127	0.023438	0.000549	56
-0.751670	0.565007	0.038086	0.001451	43
-0.743800	0.553238	0.002930	0.000009	62
-0.748205	0.559811	0.018555	0.000344	43
-0.745947	0.556437	0.003906	0.000015	51
-0.744650	0.554503	0.039062	0.001526	52
-0.747212	0.558326	0.038086	0.001451	42
-0.749208	0.561312	0.001953	0.000004	55
-0.745398	0.555619	0.015625	0.000244	46
-0.739289	0.546549	0.002930	0.000009	34
-0.739011	0.546138	0.008789	0.000077	70
-0.742976	0.552014	0.009766	0.000095	43
-0.741673	0.550080	0.034180	0.001168	41
-0.751200	0.564302	0.008789	0.000077	55
-0.746867	0.557811	0.042969	0.001846	46
-0.742367	0.551108	0.020508	0.000421	52
-0.747022	0.558042	0.013672	0.000187	70
-0.755688	0.571065	0.021484	0.000462	58
-0.746797	0.557706	0.026367	0.000695	38
-0.750553	0.563331	0.003906	0.000015	41
-0.745458	0.555708	0.033203	0.001102	37
-0.742278	0.550977	0.013672	0.000187	32
-0.753121	0.567191	0.018555	0.000344	47
-0.740789	0.548768	0.007812	0.000061	52
-0.743186	0.552325	0.022461	0.000504	50
-0.741002	0.549085	0.037109	0.001377	36
-0.748474	0.560213	0.025391	0.000645	57
-0.740755	0.548718	0.017578	0.000309	46
-0.757159	0.573289	0.003906	0.000015	30
-0.745170	0.555278	0.008789	0.000077	25
-0.753358	0.567548	0.021484	0.000462	53
-0.741401	0.549675	0.005859	0.000034	53
-0.747410	0.558622	0.002930	0.000009	43
-0.739753	0.547235	0.041992	0.001763	32
-0.747239	0.558366	0.011719	0.000137	69
-0.753673	0.568024	0.009766	0.000095	54
-0.749457	0.561685	0.036133	0.001306	50
-0.748566	0.560351	0.012695	0.000161	46
-0.748666	0.560501	0.010742	0.000115	38
-0.746077	0.556630	0.031250	0.000977	53
-0.744650	0.554504	0.003906	0.000015	54
-0.748864	0.560797	0.005859	0.000034	54
-0.743668	0.553043	0.011719	0.000137	47
-0.747869	0.559308	0.009766	0.000095	37
-0.739931	0.547497	0.007812	0.000061	47
-0.748202	0.559807	0.021484	0.000462	49
-0.744656	0.554513	0.026367	0.000695	43
-0.747846	0.559274	0.009766	0.000095	32
-0.739383	0.546687	0.002930	0.000009	40
-0.743761	0.553181	0.001953	0.000004	36
-0.751382	0.564575	0.006836	0.000047	39
-0.756066	0.571636	0.002930	0.000009	51
-0.743216	0.552370	0.017578	0.000309	45
-0.743454	0.552723	0.023438	0.000549	33
-0.751090	0.564136	0.005859	0.000034	43
-0.748276	0.559917	0.021484	0.000462	45
-0.748380	0.560072	0.026367	0.000695	31
-0.753580	0.567883	0.038086	0.001451	39
-0.749838	0.562258	0.011719	0.000137	41
-0.744091	0.553671	0.003906	0.000015	56
-0.749250	0.561376	0.008789	0.000077	33
-0.744366	0.554081	0.012695	0.000161	49
-0.751849	0.565276	0.019531	0.000381	31
-0.745738	0.556125	0.038086	0.001451	45
-0.740974	0.549042	0.029297	0.000858	34
-0.741238	0.549434	0.006836	0.000047	44
-0.754938	0.569931	0.029297	0.000858	36
-0.748923	0.560885	0.015625	0.000244	47
-0.749268	0.561402	0.006836	0.000047	61
-0.752610	0.566422	0.035156	0.001236	53
-0.753017	0.567034	0.013672	0.000187	58
-0.750290	0.562935	0.003906	0.000015	43
-0.738280	0.545057	0.050781	0.002579	68
-0.746042	0.556579	0.000000	0.000000	47
-0.746608	0.557423	0.032227	0.001039	37
-0.749330	0.561495	0.002930	0.000009	53
-0.747622	0.558939	0.010742	0.000115	40
-0.752417	0.566131	0.000977	0.000001	34
-0.757597	0.573953	0.004883	0.000024	41
-0.748971	0.560957	0.010742	0.000115	47
-0.745959	0.556454	0.020508	0.000421	46
-0.742982	0.552022	0.023438	0.000549	44
-0.747632	0.558954	0.014648	0.000215	52
-0.753506	0.567771	0.001953	0.000004	51
-0.748759	0.560639	0.004883	0.000024	43
-0.749011	0.561018	0.000977	0.000001	47
-0.751102	0.564155	0.027344	0.000748	50
-0.745045	0.555093	0.015625	0.000244	33
-0.742210	0.550876	0.018555	0.000344	43
-0.739165	0.546365	0.013672	0.000187	37
-0.748734	0.560603	0.008789	0.000077	39
-0.740248	0.547967	0.007812	0.000061	39
-0.749163	0.561245	0.008789	0.000077	40
-0.748163	0.559748	0.020508	0.000421	45
-0.746986	0.557988	0.030273	0.000916	48
-0.752315	0.565978	0.007812	0.000061	39
-0.746999	0.558008	0.002930	0.000009	77
-0.745866	0.556316	0.042969	0.001846	34
-0.744739	0.554636	0.006836	0.000047	57
-0.748139	0.559712	0.032227	0.001039	52
-0.747623	0.558940	0.014648	0.000215	65
-0.747892	0.559342	0.017578	0.000309	34
-0.748566	0.560351	0.027344	0.000748	38
-0.740051	0.547675	0.001953	0.000004	47
-0.741507	0.549833	0.021484	0.000462	64
-0.751065	0.564099	0.006836	0.000047	63
-0.749604	0.561906	0.008789	0.000077	30
-0.750564	0.563347	0.021484	0.000462	31
-0.745583	0.555894	0.034180	0.001168	56
-0.753499	0.567761	0.007812	0.000061	45
-0.745608	0.555931	0.027344	0.000748	46
-0.757557	0.573892	0.024414	0.000596	30
-0.741796	0.550261	0.010742	0.000115	42
-0.752124	0.565691	0.028320	0.000802	36
-0.739450	0.546787	0.051758	0.002679	59
-0.744527	0.554320	0.011719	0.000137	61
-0.746575	0.557374	0.002930	0.000009	52
-0.747673	0.559015	0.003906	0.000015	52
-0.743281	0.552467	0.019531	0.000381	52
-0.744522	0.554314	0.000977	0.000001	46
-0.744115	0.553706	0.010742	0.000115	34
-0.751948	0.565426	0.049805	0.002481	37
-0.749656	0.561985	0.000977	0.000001	47
-0.746450	0.557188	0.010742	0.000115	57
-0.735519	0.540988	0.024414	0.000596	34
-0.749192	0.561288	0.008789	0.000077	53
-0.741615	0.549993	0.019531	0.000381	41
-0.755928	0.571427	0.011719	0.000137	53
-0.736652	0.542656	0.030273	0.000916	39
-0.748751	0.560628	0.018555	0.000344	52
-0.750979	0.563969	0.004883	0.000024	38
-0.746225	0.556852	0.034180	0.001168	38
-0.748986	0.560980	0.000977	0.000001	65
-0.753063	0.567104	0.029297	0.000858	43
-0.748345	0.560020	0.036133	0.001306	59
-0.746560	0.557351	0.027344	0.000748	34
-0.753869	0.568319	0.003906	0.000015	76
-0.749175	0.561263	0.012695	0.000161	53
-0.750207	0.562811	0.031250	0.000977	51
-0.750195	0.562792	0.016602	0.000276	46
-0.745751	0.556144	0.013672	0.000187	41
-0.741371	0.549631	0.002930	0.000009	42
-0.748135	0.559706	0.027344	0.000748	53
-0.745889	0.556351	0.033203	0.001102	50
-0.748199	0.559802	0.007812	0.000061	57
-0.755017	0.570051	0.009766	0.000095	68
-0.749146	0.561220	0.012695	0.000161	62
-0.745767	0.556168	0.020508	0.000421	43
-0.748708	0.560563	0.034180	0.001168	60
-0.746163	0.556759	0.007812	0.000061	33
-0.750633	0.563450	0.009766	0.000095	77
-0.749867	0.562300	0.023438	0.000549	60
-0.745725	0.556106	0.043945	0.001931	45
-0.747888	0.559337	0.032227	0.001039	40
-0.745994	0.556507	0.011719	0.000137	49
-0.752218	0.565832	0.030273	0.000916	51
-0.748846	0.560770	0.009766	0.000095	49
-0.749930	0.562396	0.004883	0.000024	61
-0.748421	0.560134	0.004883	0.000024	49
-0.750875	0.563813	0.009766	0.000095	42
-0.746786	0.557689	0.021484	0.000462	44
-0.748233	0.559853	0.007812	0.000061	45
-0.746423	0.557148	0.026367	0.000695	47
-0.750908	0.563862	0.001953	0.000004	58
-0.744042	0.553599	0.008789	0.000077	45
-0.743941	0.553448	0.019531	0.000381	40
-0.745725	0.556106	0.030273	0.000916	58
-0.753171	0.567267	0.018555	0.000344	57
-0.744876	0.554840	0.031250	0.000977	46
-0.744571	0.554386	0.041992	0.001763	36
-0.744205	0.553842	0.016602	0.000276	41
-0.749599	0.561898	0.018555	0.000344	50
-0.742563	0.551400	0.009766	0.000095	42
-0.743589	0.552925	0.003906	0.000015	60
-0.757773	0.574220	0.011719	0.000137	54
-0.738028	0.544686	0.003906	0.000015	42
-0.743234	0.552397	0.008789	0.000077	45
-0.743883	0.553361	0.022461	0.000504	56
-0.748893	0.560841	0.001953	0.000004	38
-0.746960	0.557949	0.035156	0.001236	33
-0.746805	0.557717	0.009766	0.000095	51
-0.742026	0.550603	0.018555	0.000344	36
-0.745052	0.555102	0.014648	0.000215	36
-0.747131	0.558205	0.015625	0.000244	45
-0.749423	0.561635	0.030273	0.000916	73
-0.741190	0.549363	0.000977	0.000001	46
-0.735823	0.541436	0.004883	0.000024	32
-0.748500	0.560252	0.006836	0.000047	49
-0.739858	0.547389	0.026367	0.000695	51
-0.746454	0.557194	0.025391	0.000645	47
-0.748179	0.559771	0.000977	0.000001	37
-0.740012	0.547617	0.012695	0.000161	38
-0.744558	0.554367	0.006836	0.000047	51
-0.741433	0.549722	0.009766	0.000095	52
-0.745636	0.555973	0.031250	0.000977	45
-0.742296	0.551003	0.019531	0.000381	35
-0.746377	0.557078	0.012695	0.000161	56
-0.752775	0.566670	0.009766	0.000095	44
-0.741564	0.549918	0.012695	0.000161	40
-0.752166	0.565754	0.012695	0.000161	41
-0.741801	0.550269	0.014648	0.000215	51
-0.744250	0.553909	0.015625	0.000244	36
-0.745260	0.555412	0.002930	0.000009	53
-0.752243	0.565870	0.003906	0.000015	57
-0.741926	0.550454	0.017578	0.000309	40
-0.748588	0.560384	0.003906	0.000015	43
-0.739228	0.546459	0.014648	0.000215	41
-0.754016	0.568540	0.011719	0.000137	46
-0.746168	0.556767	0.006836	0.000047	47
-0.742814	0.551773	0.026367	0.000695	38
-0.757931	0.574459	0.000000	0.000000	38
-0.752302	0.565959	0.029297	0.000858	29
-0.743172	0.552304	0.000000	0.000000	31
-0.747745	0.559122	0.000000	0.000000	57
-0.738943	0.546036	0.024414	0.000596	44
-0.747184	0.558284	0.010742	0.000115	30
-0.741581	0.549942	0.024414	0.000596	54
-0.742295	0.551002	0.040039	0.001603	44
-0.750712	0.563569	0.018555	0.000344	54
-0.749472	0.561708	0.057617	0.003320	49
-0.744482	0.554253	0.014648	0.000215	33
-0.749816	0.562223	0.013672	0.000187	38
-0.747435	0.558659	0.000977	0.000001	54
-0.749841	0.562261	0.035156	0.001236	58
-0.755210	0.570342	0.020508	0.000421	42
-0.749441	0.561661	0.011719	0.000137	50
-0.750526	0.563290	0.015625	0.000244	45
-0.750579	0.563368	0.010742	0.000115	61
-0.750119	0.562679	0.020508	0.000421	44
-0.743730	0.553134	0.012695	0.000161	54
-0.749724	0.562086	0.009766	0.000095	48
-0.745756	0.556151	0.019531	0.000381	48
