# Energy	Energy^2	Magnetic	Magnet^2	Cycles
-0.727688	0.529529	0.035156	0.001236	32
-0.733605	0.538176	0.074219	0.005508	60
-0.736983	0.543144	0.062500	0.003906	47
-0.731484	0.535070	0.003906	0.000015	41
-0.737980	0.544615	0.011719	0.000137	36
-0.736611	0.542596	0.031250	0.000977	33
-0.752580	0.566377	0.011719	0.000137	39
-0.744506	0.554289	0.070312	0.004944	49
-0.740038	0.547657	0.019531	0.000381	54
-0.744506	0.554290	0.074219	0.005508	38
-0.742758	0.551689	0.062500	0.003906	43
-0.754484	0.569246	0.050781	0.002579	40
-0.730000	0.532900	0.019531	0.000381	47
-0.735079	0.540341	0.015625	0.000244	48
-0.727762	0.529638	0.023438	0.000549	55
-0.737694	0.544193	0.027344	0.000748	49
-0.742373	0.551117	0.027344	0.000748	48
-0.740050	0.547674	0.000000	0.000000	53
-0.749776	0.562165	0.015625	0.000244	32
-0.732543	0.536619	0.019531	0.000381	35
-0.746513	0.557282	0.035156	0.001236	46
-0.724843	0.525397	0.003906	0.000015	33
-0.753918	0.568392	0.023438	0.000549	41
-0.743677	0.553055	0.027344	0.000748	40
-0.742292	0.550998	0.078125	0.006104	28
-0.728672	0.530963	0.093750	0.008789	71
-0.729300	0.531878	0.035156	0.001236	40
-0.727795	0.529685	0.121094	0.014664	40
-0.735918	0.541576	0.011719	0.000137	31
-0.733241	0.537642	0.031250	0.000977	41
-0.749737	0.562106	0.101562	0.010315	33
-0.744968	0.554978	0.035156	0.001236	32
-0.726803	0.528242	0.062500	0.003906	36
-0.752675	0.566520	0.003906	0.000015	82
-0.739507	0.546870	0.011719	0.000137	32
-0.732278	0.536232	0.019531	0.000381	36
-0.731761	0.535474	0.019531	0.000381	58
-0.736892	0.543010	0.015625	0.000244	40
-0.741915	0.550437	0.011719	0.000137	57
-0.732010	0.535839	0.089844	0.008072	45
-0.744732	0.554626	0.046875	0.002197	35
-0.748341	0.560014	0.027344	0.000748	33
-0.743440	0.552703	0.035156	0.001236	30
-0.727720	0.529576	0.054688	0.002991	28
-0.735651	0.541183	0.011719	0.000137	64
-0.720325	0.518869	0.011719	0.000137	50
-0.747071	0.558115	0.050781	0.002579	36
-0.726778	0.528206	0.011719	0.000137	42
-0.766898	0.588133	0.011719	0.000137	36
-0.741855	0.550349	0.035156	0.001236	33
-0.750429	0.563144	0.007812	0.000061	55
-0.731434	0.534996	0.023438	0.000549	27
-0.731230	0.534698	0.023438	0.000549	47
-0.743465	0.552740	0.046875	0.002197	48
-0.740480	0.548311	0.058594	0.003433	41
-0.739416	0.546736	0.019531	0.000381	46
-0.746533	0.557311	0.011719	0.000137	46
-0.742108	0.550724	0.078125	0.006104	36
-0.729814	0.532629	0.007812	0.000061	54
-0.743133	0.552246	0.066406	0.004410	43
-0.734813	0.539950	0.046875	0.002197	65
-0.761089	0.579256	0.011719	0.000137	46
-0.747612	0.558924	0.074219	0.005508	65
-0.755737	0.571138	0.003906	0.000015	39
-0.739138	0.546325	0.039062	0.001526	47
-0.733551	0.538097	0.011719	0.000137	61
-0.742412	0.551175	0.023438	0.000549	58
-0.761153	0.579354	0.011719	0.000137	34
-0.754726	0.569612	0.007812	0.000061	39
-0.743324	0.552530	0.031250	0.000977	29
-0.738136	0.544844	0.007812	0.000061	34
-0.738220	0.544969	0.011719	0.000137	30
-0.741067	0.549181	0.011719	0.000137	28
-0.731940	0.535736	0.074219	0.005508	48
-0.737472	0.543865	0.000000	0.000000	36
-0.736941	0.543082	0.015625	0.000244	35
-0.745973	0.556475	0.101562	0.010315	26
-0.754721	0.569604	0.000000	0.000000	34
-0.752642	0.566470	0.011719	0.000137	29
-0.727892	0.529826	0.003906	0.000015	38
-0.731714	0.535405	0.011719	0.000137	37
-0.723682	0.523715	0.031250	0.000977	39
-0.724263	0.524556	0.015625	0.000244	51
-0.729235	0.531783	0.019531	0.000381	48
-0.742541	0.551367	0.039062	0.001526	48
-0.746802	0.557713	0.023438	0.000549	33
-0.737561	0.543996	0.007812	0.000061	43
-0.754437	0.569175	0.031250	0.000977	59
-0.755953	0.571465	0.019531	0.000381	29
-0.740647	0.548557	0.015625	0.000244	35
-0.729949	0.532826	0.082031	0.006729	54
-0.725093	0.525760	0.039062	0.001526	40
-0.736725	0.542764	0.019531	0.000381	41
-0.734986	0.540205	0.054688	0.002991	40
-0.733666	0.538266	0.046875	0.002197	26
-0.736879	0.542991	0.023438	0.000549	33
-0.740780	0.548755	0.085938	0.007385	39
-0.733535	0.538074	0.023438	0.000549	35
-0.736533	0.542481	0.046875	0.002197	29
-0.754381	0.569091	0.000000	0.000000	37
-0.739480	0.546831	0.015625	0.000244	30
-0.736388	0.542267	0.039062	0.001526	24
-0.754145	0.568734	0.023438	0.000549	35
-0.750162	0.562744	0.023438	0.000549	40
-0.743685	0.553067	0.023438	0.000549	43
-0.731731	0.535430	0.035156	0.001236	47
-0.744017	0.553562	0.023438	0.000549	29
-0.731118	0.534534	0.015625	0.000244	79
-0.742599	0.551453	0.031250	0.000977	35
-0.748162	0.559746	0.035156	0.001236	36
-0.743331	0.552542	0.046875	0.002197	51
-0.738629	0.545573	0.031250	0.000977	19
-0.741270	0.549481	0.027344	0.000748	44
-0.724155	0.524400	0.050781	0.002579	40
-0.736229	0.542033	0.003906	0.000015	28
-0.743000	0.552049	0.042969	0.001846	48
-0.734075	0.538866	0.062500	0.003906	35
-0.730395	0.533477	0.003906	0.000015	26
-0.732195	0.536110	0.003906	0.000015	29
-0.752775	0.566670	0.050781	0.002579	28
-0.746655	0.557493	0.011719	0.000137	41
-0.736520	0.542462	0.035156	0.001236	74
-0.744015	0.553558	0.007812	0.000061	32
-0.745570	0.555875	0.089844	0.008072	37
-0.729511	0.532187	0.031250	0.000977	53
-0.747625	0.558944	0.082031	0.006729	45
-0.732482	0.536530	0.093750	0.008789	31
-0.743993	0.553526	0.015625	0.000244	41
-0.752323	0.565990	0.046875	0.002197	37
-0.726057	0.527159	0.023438	0.000549	51
-0.736801	0.542875	0.027344	0.000748	64
-0.729350	0.531951	0.027344	0.000748	49
-0.732256	0.536199	0.105469	0.011124	39
-0.740937	0.548988	0.011719	0.000137	33
-0.749642	0.561964	0.007812	0.000061	36
-0.737750	0.544276	0.003906	0.000015	33
-0.738715	0.545700	0.035156	0.001236	53
-0.746594	0.557402	0.042969	0.001846	79
-0.731907	0.535687	0.027344	0.000748	39
-0.743006	0.552058	0.082031	0.006729	39
-0.756823	0.572781	0.054688	0.002991	34
-0.749916	0.562374	0.031250	0.000977	33
-0.739560	0.546949	0.000000	0.000000	45
-0.743036	0.552103	0.042969	0.001846	37
-0.740149	0.547820	0.023438	0.000549	33
-0.740548	0.548411	0.058594	0.003433	44
-0.748779	0.560670	0.007812	0.000061	33
-0.731070	0.534464	0.007812	0.000061	35
-0.747043	0.558074	0.027344	0.000748	41
-0.732936	0.537195	0.015625	0.000244	58
-0.752140	0.565714	0.054688	0.002991	29
-0.735523	0.540994	0.023438	0.000549	53
-0.731049	0.534432	0.031250	0.000977	40
-0.746086	0.556645	0.003906	0.000015	50
-0.740950	0.549007	0.023438	0.000549	43
-0.732829	0.537038	0.019531	0.000381	30
-0.741128	0.549271	0.039062	0.001526	41
-0.739925	0.547488	0.078125	0.006104	60
-0.747868	0.559306	0.062500	0.003906	33
-0.748648	0.560474	0.042969	0.001846	32
-0.741242	0.549440	0.039062	0.001526	46
-0.745051	0.555101	0.082031	0.006729	40
-0.714966	0.511176	0.101562	0.010315	66
-0.741143	0.549294	0.050781	0.002579	40
-0.747362	0.558550	0.035156	0.001236	36
-0.752866	0.566808	0.050781	0.002579	57
-0.734197	0.539046	0.062500	0.003906	53
-0.741395	0.549667	0.015625	0.000244	47
-0.739428	0.546754	0.003906	0.000015	49
-0.733060	0.537377	0.015625	0.000244	45
-0.756800	0.572746	0.007812	0.000061	44
-0.732062	0.535915	0.023438	0.000549	39
-0.739295	0.546556	0.011719	0.000137	37
-0.734386	0.539323	0.039062	0.001526	57
-0.740907	0.548943	0.031250	0.000977	65
-0.729744	0.532527	0.031250	0.000977	45
-0.725094	0.525761	0.128906	0.016617	38
-0.726027	0.527115	0.066406	0.004410	45
-0.750853	0.563781	0.078125	0.006104	28
-0.746483	0.557237	0.023438	0.000549	33
-0.731141	0.534567	0.011719	0.000137	43
-0.737966	0.544595	0.003906	0.000015	31
-0.726148	0.527291	0.031250	0.000977	39
-0.745517	0.555796	0.023438	0.000549	33
-0.744326	0.554022	0.093750	0.008789	36
-0.738573	0.545491	0.054688	0.002991	57
-0.740429	0.548235	0.093750	0.008789	32
-0.736839	0.542932	0.050781	0.002579	41
-0.733340	0.537788	0.000000	0.000000	50
-0.737399	0.543758	0.003906	0.000015	49
-0.744224	0.553870	0.046875	0.002197	27
-0.727406	0.529120	0.035156	0.001236	33
-0.746785	0.557687	0.015625	0.000244	31
-0.729238	0.531788	0.007812	0.000061	30
-0.740170	0.547852	0.023438	0.000549	29
-0.730947	0.534283	0.003906	0.000015	51
-0.726220	0.527395	0.027344	0.000748	48
-0.746637	0.557467	0.003906	0.000015	30
-0.735904	0.541555	0.027344	0.000748	37
-0.753469	0.567716	0.105469	0.011124	33
-0.741489	0.549806	0.031250	0.000977	35
-0.735593	0.541097	0.027344	0.000748	36
-0.731662	0.535329	0.019531	0.000381	49
-0.741830	0.550312	0.011719	0.000137	37
-0.741913	0.550435	0.007812	0.000061	36
-0.740370	0.548148	0.042969	0.001846	50
-0.742850	0.551826	0.027344	0.000748	37
-0.728564	0.530806	0.011719	0.000137	36
-0.736536	0.542486	0.019531	0.000381	28
-0.738773	0.545786	0.003906	0.000015	43
-0.744518	0.554308	0.089844	0.008072	42
-0.745216	0.555347	0.023438	0.000549	32
-0.755359	0.570567	0.007812	0.000061	56
-0.746794	0.557701	0.042969	0.001846	29
-0.748528	0.560294	0.054688	0.002991	45
-0.745621	0.555950	0.066406	0.004410	31
-0.732609	0.536716	0.046875	0.002197	37
-0.741017	0.549107	0.019531	0.000381	44
-0.750695	0.563543	0.019531	0.000381	49
-0.725698	0.526637	0.003906	0.000015	38
-0.758159	0.574805	0.085938	0.007385	32
-0.746502	0.557265	0.011719	0.000137	51
-0.736005	0.541703	0.031250	0.000977	55
-0.735500	0.540960	0.003906	0.000015	69
-0.755343	0.570544	0.003906	0.000015	33
-0.740810	0.548800	0.031250	0.000977	31
-0.730961	0.534304	0.015625	0.000244	27
-0.718693	0.516520	0.101562	0.010315	37
-0.732863	0.537088	0.023438	0.000549	33
-0.737709	0.544214	0.089844	0.008072	27
-0.738925	0.546010	0.007812	0.000061	70
-0.731763	0.535477	0.046875	0.002197	25
-0.737830	0.544393	0.015625	0.000244	39
-0.736728	0.542768	0.105469	0.011124	43
-0.742786	0.551731	0.105469	0.011124	30
-0.737460	0.543848	0.074219	0.005508	28
-0.728708	0.531015	0.011719	0.000137	37
-0.737563	0.543999	0.039062	0.001526	42
-0.733459	0.537962	0.046875	0.002197	46
-0.750845	0.563768	0.042969	0.001846	25
-0.728672	0.530962	0.050781	0.002579	36
-0.735014	0.540245	0.015625	0.000244	54
-0.738026	0.544682	0.031250	0.000977	45
-0.725256	0.525997	0.007812	0.000061	34
-0.731964	0.535771	0.031250	0.000977	44
-0.743376	0.552608	0.019531	0.000381	47
-0.730181	0.533164	0.023438	0.000549	43
-0.744827	0.554767	0.050781	0.002579	37
-0.763960	0.583635	0.101562	0.010315	48
-0.755070	0.570131	0.007812	0.000061	43
-0.739612	0.547025	0.050781	0.002579	46
-0.737875	0.544459	0.085938	0.007385	69
-0.728566	0.530808	0.093750	0.008789	39
-0.747856	0.559289	0.058594	0.003433	37
-0.734872	0.540037	0.019531	0.000381	29
-0.740675	0.548599	0.105469	0.011124	34
-0.723147	0.522941	0.035156	0.001236	34
-0.728359	0.530506	0.027344	0.000748	29
-0.727707	0.529558	0.074219	0.005508	32
-0.751720	0.565083	0.089844	0.008072	60
-0.732271	0.536221	0.050781	0.002579	50
-0.732008	0.535836	0.042969	0.001846	28
-0.751356	0.564536	0.015625	0.000244	35
-0.740626	0.548526	0.003906	0.000015	46
-0.738267	0.545038	0.050781	0.002579	42
-0.740198	0.547893	0.062500	0.003906	96
-0.736303	0.542142	0.035156	0.001236	45
-0.742426	0.551196	0.078125	0.006104	50
-0.739068	0.546222	0.023438	0.000549	52
-0.736007	0.541707	0.023438	0.000549	47
-0.741874	0.550377	0.023438	0.000549	38
-0.750482	0.563223	0.023438	0.000549	49
-0.745490	0.555755	0.074219	0.005508	32
-0.752511	0.566273	0.046875	0.002197	34
-0.743599	0.552939	0.023438	0.000549	39
-0.757526	0.573845	0.027344	0.000748	48
-0.735838	0.541457	0.082031	0.006729	36
-0.732689	0.536833	0.003906	0.000015	36
-0.747370	0.558561	0.007812	0.000061	67
-0.733656	0.538251	0.050781	0.002579	46
-0.743688	0.553072	0.031250	0.000977	38
-0.743750	0.553164	0.042969	0.001846	33
-0.745200	0.555324	0.023438	0.000549	30
-0.740077	0.547714	0.003906	0.000015	28
-0.748510	0.560267	0.023438	0.000549	31
-0.730233	0.533240	0.035156	0.001236	23
-0.743953	0.553466	0.019531	0.000381	32
-0.736492	0.542421	0.007812	0.000061	37
-0.756455	0.572224	0.027344	0.000748	25
-0.739101	0.546270	0.019531	0.000381	43
-0.746509	0.557276	0.070312	0.004944	40
-0.732288	0.536246	0.035156	0.001236	30
-0.737424	0.543794	0.019531	0.000381	50
-0.733227	0.537622	0.042969	0.001846	53
-0.744945	0.554943	0.019531	0.000381	68
-0.739626	0.547047	0.046875	0.002197	35
-0.740447	0.548262	0.000000	0.000000	50
-0.741719	0.550148	0.011719	0.000137	32
-0.744474	0.554242	0.035156	0.001236	37
-0.729466	0.532121	0.023438	0.000549	36
-0.733264	0.537676	0.023438	0.000549	54
-0.748232	0.559851	0.007812	0.000061	40
-0.727764	0.529641	0.039062	0.001526	39
-0.739495	0.546853	0.027344	0.000748	44
-0.744351	0.554058	0.042969	0.001846	35
-0.738998	0.546119	0.027344	0.000748	54
-0.754885	0.569852	0.003906	0.000015	30
-0.747401	0.558608	0.007812	0.000061	33
-0.739540	0.546919	0.003906	0.000015	63
-0.735744	0.541320	0.015625	0.000244	49
-0.751736	0.565107	0.007812	0.000061	27
-0.727419	0.529139	0.050781	0.002579	31
-0.730811	0.534084	0.085938	0.007385	54
-0.740157	0.547832	0.039062	0.001526	49
-0.737292	0.543600	0.007812	0.000061	49
-0.746259	0.556903	0.093750	0.008789	38
-0.746735	0.557614	0.050781	0.002579	30
-0.735712	0.541272	0.015625	0.000244	43
-0.743666	0.553040	0.085938	0.007385	44
-0.730821	0.534099	0.058594	0.003433	38
-0.731878	0.535645	0.046875	0.002197	30
-0.737599	0.544053	0.031250	0.000977	29
-0.748793	0.560691	0.035156	0.001236	23
-0.758935	0.575982	0.042969	0.001846	28
-0.744102	0.553688	0.003906	0.000015	36
-0.741187	0.549359	0.023438	0.000549	32
-0.735797	0.541397	0.035156	0.001236	36
-0.729062	0.531531	0.039062	0.001526	30
-0.735701	0.541257	0.035156	0.001236	37
-0.740816	0.548808	0.007812	0.000061	26
-0.748280	0.559923	0.027344	0.000748	31
-0.725401	0.526207	0.039062	0.001526	29
-0.734408	0.539355	0.000000	0.000000	36
-0.730104	0.533051	0.019531	0.000381	27
-0.742186	0.550839	0.015625	0.000244	32
-0.750892	0.563839	0.003906	0.000015	33
-0.723576	0.523563	0.109375	0.011963	33
-0.746292	0.556952	0.050781	0.002579	37
-0.746499	0.557261	0.011719	0.000137	36
-0.747066	0.558107	0.046875	0.002197	30
-0.733893	0.538599	0.031250	0.000977	58
-0.737362	0.543703	0.031250	0.000977	33
-0.725062	0.525715	0.023438	0.000549	31
-0.745053	0.555104	0.035156	0.001236	37
-0.750048	0.562572	0.031250	0.000977	26
-0.760559	0.578450	0.019531	0.000381	42
-0.737025	0.543206	0.046875	0.002197	38
-0.738457	0.545319	0.031250	0.000977	41
-0.734718	0.539811	0.062500	0.003906	28
-0.749689	0.562034	0.019531	0.000381	38
-0.750462	0.563192	0.042969	0.001846	23
-0.731719	0.535413	0.019531	0.000381	40
-0.734119	0.538931	0.046875	0.002197	25
-0.731050	0.534435	0.093750	0.008789	38
-0.742250	0.550936	0.027344	0.000748	24
-0.734855	0.540012	0.152344	0.023209	38
-0.745347	0.555542	0.011719	0.000137	42
-0.728800	0.531149	0.070312	0.004944	37
-0.754435	0.569173	0.027344	0.000748	25
-0.740248	0.547967	0.035156	0.001236	39
-0.741514	0.549844	0.015625	0.000244	37
-0.754801	0.569725	0.039062	0.001526	36
-0.750622	0.563434	0.007812	0.000061	30
-0.743527	0.552833	0.019531	0.000381	39
-0.738195	0.544932	0.003906	0.000015	52
-0.724856	0.525416	0.078125	0.006104	41
-0.753114	0.567181	0.039062	0.001526	65
-0.722076	0.521393	0.011719	0.000137	43
-0.743975	0.553499	0.011719	0.000137	41
-0.759764	0.577242	0.011719	0.000137	43
-0.736732	0.542774	0.023438	0.000549	35
-0.724652	0.525120	0.027344	0.000748	52
-0.753580	0.567883	0.039062	0.001526	50
-0.730018	0.532927	0.015625	0.000244	32
-0.736377	0.542251	0.000000	0.000000	28
-0.740745	0.548703	0.039062	0.001526	36
-0.727071	0.528632	0.039062	0.001526	43
-0.749999	0.562499	0.019531	0.000381	36
-0.731409	0.534959	0.000000	0.000000	44
-0.742723	0.551638	0.027344	0.000748	48
-0.742866	0.551850	0.019531	0.000381	48
-0.736932	0.543069	0.011719	0.000137	65
-0.749882	0.562323	0.003906	0.000015	28
-0.757622	0.573991	0.085938	0.007385	33
-0.744860	0.554816	0.050781	0.002579	45
-0.743588	0.552923	0.015625	0.000244	51
-0.719938	0.518310	0.015625	0.000244	68
-0.717401	0.514664	0.097656	0.009537	51
-0.742368	0.551110	0.062500	0.003906	33
-0.751266	0.564401	0.015625	0.000244	26
-0.741056	0.549164	0.062500	0.003906	43
-0.735409	0.540826	0.039062	0.001526	41
-0.738749	0.545750	0.039062	0.001526	33
-0.723433	0.523355	0.003906	0.000015	34
-0.748449	0.560176	0.007812	0.000061	44
-0.743119	0.552225	0.035156	0.001236	43
-0.746270	0.556918	0.058594	0.003433	56
-0.744245	0.553900	0.019531	0.000381	36
-0.742111	0.550729	0.062500	0.003906	37
-0.746414	0.557134	0.023438	0.000549	61
-0.749599	0.561899	0.050781	0.002579	35
-0.739338	0.546620	0.023438	0.000549	30
-0.731499	0.535092	0.046875	0.002197	34
-0.743159	0.552285	0.007812	0.000061	60
-0.757466	0.573755	0.046875	0.002197	32
-0.740780	0.548755	0.015625	0.000244	39
-0.728079	0.530099	0.007812	0.000061	49
-0.719071	0.517062	0.078125	0.006104	37
-0.742761	0.551694	0.046875	0.002197	41
-0.728476	0.530677	0.066406	0.004410	40
-0.739495	0.546853	0.042969	0.001846	37
-0.726025	0.527112	0.000000	0.000000	42
-0.742545	0.551373	0.078125	0.006104	31
-0.741933	0.550464	0.015625	0.000244	52
-0.735008	0.540236	0.066406	0.004410	30
-0.745571	0.555876	0.007812	0.000061	33
-0.750357	0.563036	0.078125	0.006104	36
-0.737072	0.543275	0.062500	0.003906	49
-0.755948	0.571457	0.027344	0.000748	52
-0.736154	0.541923	0.031250	0.000977	42
-0.738372	0.545194	0.066406	0.004410	58
-0.738815	0.545848	0.054688	0.002991	26
-0.751483	0.564727	0.015625	0.000244	41
-0.731727	0.535424	0.058594	0.003433	48
-0.741666	0.550068	0.054688	0.002991	58
-0.737452	0.543836	0.011719	0.000137	54
-0.713872	0.509613	0.019531	0.000381	37
-0.736836	0.542927	0.039062	0.001526	27
-0.739980	0.547570	0.066406	0.004410	37
-0.731023	0.534394	0.136719	0.018692	40
-0.741077	0.549194	0.046875	0.002197	49
-0.730024	0.532935	0.011719	0.000137	37
-0.744415	0.554154	0.023438	0.000549	38
-0.729489	0.532154	0.011719	0.000137	37
-0.739535	0.546913	0.070312	0.004944	38
-0.746403	0.557117	0.027344	0.000748	56
-0.733217	0.537607	0.054688	0.002991	35
-0.741949	0.550488	0.019531	0.000381	34
-0.736279	0.542107	0.035156	0.001236	33
-0.737552	0.543982	0.066406	0.004410	48
-0.753730	0.568109	0.031250	0.000977	38
-0.738468	0.545336	0.035156	0.001236	53
-0.747150	0.558233	0.101562	0.010315	33
-0.731934	0.535727	0.050781	0.002579	37
-0.739425	0.546750	0.003906	0.000015	42
-0.754593	0.569411	0.019531	0.000381	29
-0.750296	0.562944	0.023438	0.000549	37
-0.736919	0.543050	0.023438	0.000549	44
-0.744885	0.554854	0.082031	0.006729	36
-0.747232	0.558355	0.027344	0.000748	41
-0.741210	0.549392	0.046875	0.002197	59
-0.753613	0.567932	0.074219	0.005508	31
-0.744676	0.554542	0.011719	0.000137	32
-0.754325	0.569007	0.042969	0.001846	35
-0.729347	0.531947	0.074219	0.005508	26
-0.755726	0.571122	0.019531	0.000381	33
-0.737369	0.543713	0.031250	0.000977	46
-0.731890	0.535663	0.031250	0.000977	24
-0.755977	0.571501	0.062500	0.003906	38
-0.749957	0.562436	0.000000	0.000000	51
-0.731629	0.535281	0.039062	0.001526	32
-0.752327	0.565996	0.066406	0.004410	27
-0.752854	0.566789	0.003906	0.000015	44
-0.732710	0.536864	0.117188	0.013733	30
-0.737252	0.543540	0.031250	0.000977	33
-0.738228	0.544981	0.042969	0.001846	57
-0.730141	0.533106	0.046875	0.002197	27
-0.730567	0.533728	0.003906	0.000015	27
-0.733467	0.537973	0.050781	0.002579	57
-0.733153	0.537513	0.015625	0.000244	35
-0.755875	0.571348	0.046875	0.002197	44
-0.736943	0.543085	0.011719	0.000137	23
-0.750795	0.563694	0.066406	0.004410	40
-0.722037	0.521337	0.011719	0.000137	34
-0.753729	0.568107	0.035156	0.001236	48
-0.760043	0.577665	0.015625	0.000244	29
-0.756034	0.571587	0.019531	0.000381	29
-0.735540	0.541019	0.054688	0.002991	67
-0.739499	0.546858	0.023438	0.000549	41
-0.727721	0.529578	0.027344	0.000748	48
-0.733942	0.538671	0.039062	0.001526	33
-0.754662	0.569515	0.046875	0.002197	42
-0.748738	0.560608	0.000000	0.000000	56
-0.740033	0.547649	0.050781	0.002579	33
-0.745455	0.555703	0.019531	0.000381	28
-0.737216	0.543487	0.027344	0.000748	40
-0.727319	0.528993	0.035156	0.001236	43
-0.754592	0.569409	0.011719	0.000137	30
-0.746738	0.557618	0.000000	0.000000	50
-0.744721	0.554610	0.027344	0.000748	44
-0.754372	0.569077	0.070312	0.004944	26
-0.739490	0.546846	0.007812	0.000061	52
-0.737767	0.544300	0.011719	0.000137	36
-0.740393	0.548182	0.015625	0.000244	53
-0.737222	0.543496	0.066406	0.004410	40
-0.742004	0.550570	0.015625	0.000244	31
-0.734953	0.540156	0.007812	0.000061	27
-0.749880	0.562320	0.097656	0.009537	31
-0.732634	0.536753	0.066406	0.004410	43
-0.734343	0.539260	0.054688	0.002991	28
-0.748636	0.560456	0.039062	0.001526	46
-0.734283	0.539171	0.054688	0.002991	54
-0.744208	0.553845	0.042969	0.001846	40
-0.753467	0.567713	0.035156	0.001236	46
-0.746965	0.557957	0.015625	0.000244	41
-0.746670	0.557516	0.042969	0.001846	31
-0.753992	0.568504	0.011719	0.000137	33
-0.742105	0.550720	0.007812	0.000061	34
-0.732697	0.536846	0.027344	0.000748	24
-0.743522	0.552825	0.011719	0.000137	55
-0.744751	0.554654	0.019531	0.000381	42
-0.726469	0.527758	0.023438	0.000549	25
-0.736914	0.543043	0.023438	0.000549	38
-0.748642	0.560465	0.066406	0.004410	51
-0.735023	0.540258	0.058594	0.003433	33
-0.740349	0.548116	0.031250	0.000977	41
-0.756818	0.572773	0.027344	0.000748	38
-0.771690	0.595505	0.082031	0.006729	28
-0.731759	0.535471	0.023438	0.000549	31
-0.744803	0.554732	0.015625	0.000244	32
-0.746554	0.557342	0.046875	0.002197	40
-0.744015	0.553559	0.011719	0.000137	32
-0.740999	0.549079	0.035156	0.001236	24
-0.737084	0.543293	0.046875	0.002197	40
-0.723784	0.523863	0.070312	0.004944	49
-0.750281	0.562921	0.007812	0.000061	53
-0.745608	0.555931	0.066406	0.004410	41
-0.746540	0.557322	0.082031	0.006729	36
-0.738110	0.544806	0.007812	0.000061	57
-0.750174	0.562761	0.066406	0.004410	27
-0.747996	0.559498	0.039062	0.001526	60
-0.724284	0.524587	0.027344	0.000748	36
-0.743001	0.552050	0.042969	0.001846	33
-0.736852	0.542952	0.050781	0.002579	29
-0.744452	0.554208	0.042969	0.001846	33
-0.736277	0.542103	0.042969	0.001846	29
-0.737775	0.544312	0.007812	0.000061	33
-0.741354	0.549606	0.015625	0.000244	31
-0.742993	0.552039	0.054688	0.002991	37
-0.733941	0.538670	0.027344	0.000748	66
-0.751947	0.565425	0.054688	0.002991	41
-0.752943	0.566923	0.039062	0.001526	52
-0.734189	0.539033	0.046875	0.002197	33
-0.741232	0.549425	0.027344	0.000748	38
-0.730954	0.534294	0.042969	0.001846	29
-0.743758	0.553176	0.015625	0.000244	30
-0.758240	0.574927	0.027344	0.000748	46
-0.757866	0.574362	0.011719	0.000137	49
-0.736564	0.542526	0.039062	0.001526	45
-0.759965	0.577547	0.042969	0.001846	33
-0.743023	0.552083	0.015625	0.000244	38
-0.736415	0.542307	0.039062	0.001526	32
-0.738211	0.544956	0.039062	0.001526	41
-0.747409	0.558620	0.007812	0.000061	39
-0.743440	0.552704	0.062500	0.003906	32
-0.749960	0.562441	0.019531	0.000381	60
-0.740967	0.549031	0.050781	0.002579	68
-0.743748	0.553162	0.039062	0.001526	43
-0.748070	0.559608	0.019531	0.000381	61
-0.735002	0.540228	0.003906	0.000015	39
-0.727875	0.529802	0.074219	0.005508	35
-0.746388	0.557095	0.015625	0.000244	30
-0.753898	0.568362	0.046875	0.002197	31
-0.737858	0.544434	0.054688	0.002991	64
-0.756237	0.571894	0.000000	0.000000	29
-0.738321	0.545119	0.050781	0.002579	33
-0.736443	0.542349	0.066406	0.004410	49
-0.756749	0.572669	0.097656	0.009537	29
-0.749386	0.561580	0.003906	0.000015	63
-0.746609	0.557425	0.000000	0.000000	44
-0.741679	0.550087	0.031250	0.000977	72
-0.739078	0.546236	0.093750	0.008789	42
-0.729458	0.532109	0.007812	0.000061	28
-0.737554	0.543986	0.035156	0.001236	44
-0.745352	0.555550	0.019531	0.000381	30
-0.742888	0.551883	0.042969	0.001846	31
-0.750778	0.563667	0.027344	0.000748	35
-0.732521	0.536587	0.039062	0.001526	28
-0.736376	0.542249	0.027344	0.000748	29
-0.716444	0.513292	0.015625	0.000244	47
-0.724787	0.525316	0.027344	0.000748	34
-0.751161	0.564243	0.027344	0.000748	40
-0.729575	0.532280	0.121094	0.014664	42
-0.749886	0.562329	0.046875	0.002197	53
-0.748170	0.559758	0.003906	0.000015	59
-0.737883	0.544471	0.007812	0.000061	36
-0.734080	0.538874	0.023438	0.000549	32
-0.751196	0.564295	0.015625	0.000244	26
-0.732963	0.537235	0.011719	0.000137	51
-0.741755	0.550201	0.000000	0.000000	44
-0.750026	0.562539	0.062500	0.003906	75
-0.732138	0.536026	0.007812	0.000061	41
-0.737662	0.544146	0.023438	0.000549	43
-0.738458	0.545320	0.039062	0.001526	52
-0.755882	0.571357	0.003906	0.000015	44
-0.746190	0.556799	0.042969	0.001846	55
-0.738766	0.545776	0.000000	0.000000	41
-0.726670	0.528049	0.000000	0.000000	22
-0.734557	0.539574	0.000000	0.000000	45
-0.754706	0.569581	0.019531	0.000381	36
-0.730439	0.533541	0.062500	0.003906	35
-0.748663	0.560496	0.046875	0.002197	50
-0.765669	0.586249	0.019531	0.000381	48
-0.743737	0.553145	0.027344	0.000748	38
-0.739106	0.546278	0.050781	0.002579	36
-0.744670	0.554534	0.015625	0.000244	58
-0.723307	0.523173	0.027344	0.000748	23
-0.755256	0.570411	0.089844	0.008072	54
-0.744086	0.553664	0.070312	0.004944	33
-0.736338	0.542193	0.082031	0.006729	30
-0.741975	0.550527	0.027344	0.000748	46
-0.758946	0.575998	0.019531	0.000381	46
-0.736728	0.542768	0.046875	0.002197	27
-0.733739	0.538372	0.015625	0.000244	39
-0.747097	0.558154	0.003906	0.000015	36
-0.741799	0.550266	0.035156	0.001236	39
-0.734886	0.540057	0.066406	0.004410	41
-0.739133	0.546317	0.015625	0.000244	27
-0.753832	0.568262	0.011719	0.000137	31
-0.753189	0.567293	0.023438	0.000549	33
-0.730684	0.533900	0.023438	0.000549	39
-0.727383	0.529086	0.070312	0.004944	44
-0.759574	0.576953	0.023438	0.000549	29
-0.721618	0.520732	0.039062	0.001526	34
-0.727519	0.529284	0.000000	0.000000	55
-0.745804	0.556223	0.027344	0.000748	37
-0.734157	0.538987	0.023438	0.000549	29
-0.735075	0.540335	0.070312	0.004944	45
-0.743628	0.552982	0.003906	0.000015	34
-0.744757	0.554663	0.019531	0.000381	39
-0.741981	0.550536	0.046875	0.002197	47
-0.733454	0.537954	0.046875	0.002197	41
-0.747556	0.558840	0.003906	0.000015	60
-0.742177	0.550826	0.039062	0.001526	36
-0.732700	0.536849	0.035156	0.001236	57
-0.734129	0.538945	0.007812	0.000061	29
-0.754776	0.569686	0.015625	0.000244	69
-0.734053	0.538834	0.046875	0.002197	26
-0.742007	0.550574	0.039062	0.001526	48
-0.748773	0.560661	0.046875	0.002197	30
-0.725822	0.526818	0.054688	0.002991	51
-0.745477	0.555736	0.027344	0.000748	34
-0.728968	0.531394	0.019531	0.000381	60
-0.727200	0.528819	0.007812	0.000061	44
-0.740507	0.548351	0.011719	0.000137	39
-0.735008	0.540237	0.035156	0.001236	29
-0.745389	0.555605	0.078125	0.006104	27
-0.734882	0.540051	0.015625	0.000244	53
-0.729319	0.531906	0.054688	0.002991	56
-0.732090	0.535956	0.015625	0.000244	45
-0.736315	0.542160	0.054688	0.002991	35
-0.739811	0.547320	0.003906	0.000015	29
-0.746116	0.556690	0.078125	0.006104	35
-0.735642	0.541169	0.042969	0.001846	46
-0.745790	0.556202	0.007812	0.000061	61
-0.739358	0.546651	0.011719	0.000137	35
-0.745346	0.555541	0.027344	0.000748	34
-0.734604	0.539644	0.070312	0.004944	54
-0.726266	0.527462	0.027344	0.000748	41
-0.746036	0.556570	0.109375	0.011963	38
-0.749828	0.562241	0.019531	0.000381	31
-0.744796	0.554721	0.011719	0.000137	32
-0.740995	0.549074	0.007812	0.000061	47
-0.747074	0.558120	0.000000	0.000000	50
-0.733316	0.537752	0.070312	0.004944	28
-0.743460	0.552733	0.015625	0.000244	42
-0.751629	0.564946	0.042969	0.001846	44
-0.751261	0.564393	0.007812	0.000061	38
-0.754584	0.569397	0.035156	0.001236	47
-0.748703	0.560557	0.007812	0.000061	28
-0.746244	0.556880	0.062500	0.003906	35
-0.745707	0.556078	0.070312	0.004944	38
-0.748402	0.560105	0.011719	0.000137	49
-0.739228	0.546459	0.015625	0.000244	51
-0.738566	0.545480	0.046875	0.002197	50
-0.740389	0.548177	0.011719	0.000137	31
-0.740568	0.548441	0.046875	0.002197	26
-0.752009	0.565518	0.023438	0.000549	38
-0.743240	0.552405	0.066406	0.004410	31
-0.740063	0.547694	0.011719	0.000137	35
-0.743818	0.553265	0.019531	0.000381	36
-0.727112	0.528692	0.035156	0.001236	45
-0.748898	0.560848	0.023438	0.000549	27
-0.752408	0.566118	0.089844	0.008072	48
-0.740382	0.548165	0.000000	0.000000	60
-0.744610	0.554444	0.066406	0.004410	50
-0.758307	0.575029	0.046875	0.002197	40
-0.739390	0.546697	0.039062	0.001526	33
-0.738218	0.544965	0.003906	0.000015	32
-0.736087	0.541824	0.062500	0.003906	28
-0.735768	0.541354	0.066406	0.004410	58
-0.730045	0.532966	0.074219	0.005508	47
-0.727444	0.529175	0.121094	0.014664	27
-0.744182	0.553808	0.031250	0.000977	54
-0.734246	0.539117	0.039062	0.001526	54
-0.730366	0.533434	0.046875	0.002197	34
-0.753182	0.567283	0.027344	0.000748	33
-0.750571	0.563357	0.019531	0.000381	50
-0.744607	0.554439	0.023438	0.000549	47
-0.725580	0.526466	0.058594	0.003433	43
-0.728399	0.530565	0.035156	0.001236	30
-0.739004	0.546127	0.031250	0.000977	32
-0.732126	0.536008	0.023438	0.000549	36
-0.750168	0.562752	0.035156	0.001236	33
-0.735113	0.540391	0.046875	0.002197	49
-0.743884	0.553364	0.046875	0.002197	30
-0.744732	0.554626	0.023438	0.000549	53
-0.742287	0.550990	0.027344	0.000748	32
-0.743066	0.552147	0.097656	0.009537	29
-0.739162	0.546360	0.011719	0.000137	39
-0.728334	0.530470	0.082031	0.006729	73
-0.738071	0.544748	0.031250	0.000977	37
-0.755727	0.571123	0.023438	0.000549	30
-0.736958	0.543107	0.019531	0.000381	37
-0.728688	0.530987	0.089844	0.008072	42
-0.743689	0.553073	0.046875	0.002197	44
-0.739429	0.546755	0.031250	0.000977	40
-0.739327	0.546605	0.074219	0.005508	43
-0.735031	0.540271	0.074219	0.005508	35
-0.734633	0.539686	0.042969	0.001846	21
-0.737666	0.544151	0.046875	0.002197	36
-0.748522	0.560286	0.035156	0.001236	34
-0.731247	0.534722	0.046875	0.002197	46
-0.735963	0.541641	0.019531	0.000381	32
-0.753892	0.568353	0.054688	0.002991	43
-0.738714	0.545698	0.003906	0.000015	53
-0.732915	0.537164	0.015625	0.000244	43
-0.738226	0.544977	0.011719	0.000137	39
-0.740633	0.548537	0.019531	0.000381	27
-0.741600	0.549971	0.035156	0.001236	53
-0.744760	0.554667	0.035156	0.001236	29
-0.752213	0.565824	0.023438	0.000549	46
-0.734362	0.539288	0.011719	0.000137	49
-0.753420	0.567642	0.023438	0.000549	41
-0.746676	0.557524	0.066406	0.004410	27
-0.749810	0.562214	0.019531	0.000381	41
-0.739485	0.546838	0.031250	0.000977	31
-0.728179	0.530244	0.050781	0.002579	45
-0.735556	0.541043	0.019531	0.000381	30
-0.732813	0.537015	0.019531	0.000381	35
-0.740873	0.548894	0.039062	0.001526	45
-0.742786	0.551731	0.148438	0.022034	31
-0.727883	0.529813	0.031250	0.000977	50
-0.748559	0.560340	0.027344	0.000748	37
-0.726333	0.527560	0.003906	0.000015	46
-0.736526	0.542471	0.031250	0.000977	31
-0.739311	0.546581	0.015625	0.000244	42
-0.730528	0.533671	0.054688	0.002991	34
-0.743295	0.552488	0.019531	0.000381	37
-0.747400	0.558607	0.019531	0.000381	25
-0.736686	0.542706	0.046875	0.002197	36
-0.744139	0.553743	0.023438	0.000549	41
-0.742500	0.551306	0.035156	0.001236	30
-0.737205	0.543471	0.031250	0.000977	39
-0.756122	0.571721	0.019531	0.000381	77
-0.738974	0.546083	0.042969	0.001846	45
-0.718833	0.516721	0.062500	0.003906	47
-0.727637	0.529455	0.019531	0.000381	42
-0.747658	0.558992	0.042969	0.001846	34
-0.738512	0.545400	0.023438	0.000549	36
-0.751894	0.565344	0.031250	0.000977	63
-0.750691	0.563537	0.082031	0.006729	43
-0.730287	0.533319	0.019531	0.000381	33
-0.725259	0.526001	0.042969	0.001846	65
-0.756337	0.572045	0.054688	0.002991	35
-0.742080	0.550682	0.019531	0.000381	65
-0.737203	0.543468	0.031250	0.000977	27
-0.739428	0.546754	0.082031	0.006729	50
-0.749792	0.562189	0.027344	0.000748	48
-0.734858	0.540017	0.039062	0.001526	57
-0.726948	0.528454	0.035156	0.001236	39
-0.748317	0.559978	0.031250	0.000977	53
-0.739022	0.546154	0.011719	0.000137	38
-0.741683	0.550093	0.097656	0.009537	42
-0.740171	0.547853	0.046875	0.002197	39
-0.730372	0.533443	0.019531	0.000381	39
-0.733693	0.538306	0.054688	0.002991	59
-0.732578	0.536671	0.066406	0.004410	70
-0.742015	0.550586	0.015625	0.000244	42
-0.746053	0.556595	0.019531	0.000381	40
-0.743850	0.553313	0.027344	0.000748	44
-0.763357	0.582713	0.011719	0.000137	42
-0.750676	0.563515	0.066406	0.004410	48
-0.747394	0.558598	0.023438	0.000549	26
-0.730501	0.533632	0.023438	0.000549	26
-0.753928	0.568408	0.011719	0.000137	37
-0.740068	0.547701	0.058594	0.003433	40
-0.733854	0.538542	0.039062	0.001526	55
-0.730043	0.532963	0.027344	0.000748	52
-0.739868	0.547404	0.011719	0.000137	78
-0.754170	0.568773	0.019531	0.000381	42
-0.725879	0.526901	0.054688	0.002991	56
-0.766787	0.587962	0.132812	0.017639	34
-0.723166	0.522969	0.046875	0.002197	35
-0.736372	0.542244	0.003906	0.000015	38
-0.759946	0.577517	0.027344	0.000748	36
-0.730330	0.533381	0.015625	0.000244	31
-0.734541	0.539550	0.003906	0.000015	59
-0.723303	0.523167	0.019531	0.000381	24
-0.735496	0.540954	0.015625	0.000244	28
-0.734321	0.539227	0.046875	0.002197	63
-0.742283	0.550985	0.058594	0.003433	26
-0.737433	0.543807	0.003906	0.000015	52
-0.759006	0.576090	0.007812	0.000061	66
-0.725281	0.526032	0.054688	0.002991	42
-0.727017	0.528553	0.000000	0.000000	50
-0.742650	0.551530	0.031250	0.000977	37
-0.745146	0.555242	0.074219	0.005508	38
-0.756925	0.572936	0.078125	0.006104	27
-0.747634	0.558957	0.039062	0.001526	31
-0.721877	0.521107	0.097656	0.009537	32
-0.741445	0.549740	0.035156	0.001236	33
-0.732899	0.537140	0.093750	0.008789	46
-0.719801	0.518114	0.082031	0.006729	32
-0.735923	0.541582	0.050781	0.002579	36
-0.742308	0.551022	0.015625	0.000244	26
-0.732885	0.537120	0.023438	0.000549	62
-0.737200	0.543465	0.019531	0.000381	52
-0.741743	0.550183	0.042969	0.001846	43
-0.734373	0.539303	0.000000	0.000000	51
-0.742483	0.551282	0.011719	0.000137	66
-0.742507	0.551316	0.000000	0.000000	47
-0.739519	0.546888	0.015625	0.000244	34
-0.752084	0.565631	0.046875	0.002197	48
-0.740278	0.548011	0.003906	0.000015	36
-0.727541	0.529316	0.031250	0.000977	45
-0.735328	0.540708	0.058594	0.003433	43
-0.738508	0.545395	0.023438	0.000549	33
-0.745656	0.556003	0.019531	0.000381	25
-0.740834	0.548836	0.003906	0.000015	34
-0.735818	0.541428	0.011719	0.000137	26
-0.741585	0.549948	0.093750	0.008789	39
-0.740146	0.547816	0.019531	0.000381	39
-0.733861	0.538552	0.007812	0.000061	47
-0.738075	0.544755	0.042969	0.001846	32
-0.745193	0.555313	0.023438	0.000549	30
-0.745899	0.556366	0.058594	0.003433	44
-0.738060	0.544732	0.054688	0.002991	35
-0.733399	0.537873	0.023438	0.000549	39
-0.764870	0.585026	0.101562	0.010315	33
-0.740651	0.548563	0.023438	0.000549	34
-0.742574	0.551416	0.035156	0.001236	43
-0.718464	0.516191	0.039062	0.001526	27
-0.741394	0.549665	0.019531	0.000381	34
-0.743421	0.552675	0.019531	0.000381	27
-0.737885	0.544474	0.046875	0.002197	35
-0.737865	0.544444	0.019531	0.000381	44
-0.752791	0.566695	0.070312	0.004944	41
-0.729018	0.531467	0.078125	0.006104	41
-0.743392	0.552631	0.054688	0.002991	38
-0.737141	0.543377	0.062500	0.003906	60
-0.736804	0.542881	0.035156	0.001236	38
-0.755964	0.571482	0.050781	0.002579	65
-0.754658	0.569509	0.015625	0.000244	46
-0.744492	0.554269	0.039062	0.001526	50
-0.740677	0.548602	0.039062	0.001526	35
-0.738944	0.546038	0.046875	0.002197	47
-0.739211	0.546432	0.003906	0.000015	34
-0.727082	0.528649	0.093750	0.008789	41
-0.739580	0.546979	0.039062	0.001526	28
-0.737780	0.544319	0.007812	0.000061	39
-0.757396	0.573649	0.000000	0.000000	58
-0.743505	0.552800	0.023438	0.000549	40
-0.737116	0.543339	0.023438	0.000549	24
-0.733401	0.537877	0.078125	0.006104	38
-0.731967	0.535776	0.003906	0.000015	67
-0.765233	0.585582	0.066406	0.004410	27
-0.732834	0.537045	0.007812	0.000061	40
-0.760711	0.578681	0.003906	0.000015	50
-0.732505	0.536563	0.066406	0.004410	67
-0.747685	0.559033	0.058594	0.003433	53
-0.755668	0.571034	0.031250	0.000977	57
-0.732719	0.536877	0.019531	0.000381	44
-0.724997	0.525620	0.000000	0.000000	35
-0.756289	0.571973	0.031250	0.000977	38
-0.732161	0.536059	0.058594	0.003433	31
-0.740531	0.548386	0.027344	0.000748	31
-0.744514	0.554301	0.035156	0.001236	48
-0.752396	0.566100	0.039062	0.001526	37
-0.725568	0.526449	0.050781	0.002579	38
-0.727245	0.528885	0.054688	0.002991	41
-0.741247	0.549447	0.027344	0.000748	50
-0.716818	0.513829	0.042969	0.001846	31
-0.721998	0.521280	0.058594	0.003433	40
-0.748404	0.560108	0.035156	0.001236	50
-0.747654	0.558987	0.011719	0.000137	28
-0.741631	0.550017	0.039062	0.001526	35
-0.754540	0.569331	0.023438	0.000549	41
-0.735054	0.540305	0.046875	0.002197	36
-0.736177	0.541956	0.023438	0.000549	74
-0.746750	0.557636	0.011719	0.000137	38
-0.743622	0.552974	0.015625	0.000244	35
-0.734002	0.538758	0.023438	0.000549	50
-0.746202	0.556818	0.000000	0.000000	48
-0.739971	0.547558	0.011719	0.000137	68
-0.743337	0.552550	0.007812	0.000061	44
-0.734685	0.539762	0.042969	0.001846	43
-0.753105	0.567167	0.007812	0.000061	59
-0.724459	0.524841	0.007812	0.000061	33
-0.738843	0.545889	0.003906	0.000015	33
-0.734831	0.539977	0.050781	0.002579	53
-0.750231	0.562846	0.035156	0.001236	30
-0.740996	0.549075	0.054688	0.002991	34
-0.734552	0.539567	0.031250	0.000977	47
-0.719466	0.517632	0.007812	0.000061	30
-0.744153	0.553764	0.078125	0.006104	34
-0.754551	0.569346	0.019531	0.000381	41
-0.753122	0.567193	0.035156	0.001236	38
-0.743621	0.552973	0.046875	0.002197	44
-0.737455	0.543840	0.113281	0.012833	40
-0.737030	0.543213	0.054688	0.002991	24
-0.712593	0.507789	0.003906	0.000015	34
-0.723750	0.523814	0.035156	0.001236	38
-0.748575	0.560364	0.003906	0.000015	35
-0.731707	0.535395	0.070312	0.004944	40
-0.737384	0.543735	0.023438	0.000549	47
-0.733380	0.537846	0.019531	0.000381	27
-0.747360	0.558547	0.015625	0.000244	29
-0.749562	0.561843	0.003906	0.000015	58
-0.748061	0.559596	0.023438	0.000549	28
-0.761147	0.579345	0.000000	0.000000	40
-0.742832	0.551800	0.023438	0.000549	45
-0.747964	0.559450	0.011719	0.000137	51
-0.732771	0.536954	0.023438	0.000549	68
-0.747011	0.558026	0.019531	0.000381	27
-0.735971	0.541653	0.046875	0.002197	51
-0.745193	0.555312	0.039062	0.001526	64
-0.745795	0.556211	0.031250	0.000977	42
-0.741645	0.550037	0.007812	0.000061	27
-0.743179	0.552315	0.078125	0.006104	40
-0.740704	0.548643	0.054688	0.002991	51
-0.737968	0.544596	0.011719	0.000137	32
-0.716931	0.513991	0.019531	0.000381	33
-0.745366	0.555571	0.050781	0.002579	40
-0.729914	0.532774	0.039062	0.001526	35
-0.726422	0.527689	0.019531	0.000381	37
-0.742464	0.551252	0.023438	0.000549	37
-0.731593	0.535229	0.054688	0.002991	28
-0.745289	0.555456	0.093750	0.008789	45
-0.735534	0.541010	0.031250	0.000977	34
-0.735391	0.540799	0.027344	0.000748	45
-0.741941	0.550477	0.003906	0.000015	56
-0.757149	0.573275	0.042969	0.001846	24
-0.712117	0.507111	0.042969	0.001846	68
-0.735867	0.541501	0.066406	0.004410	32
-0.753022	0.567042	0.019531	0.000381	49
-0.740929	0.548976	0.027344	0.000748	67
-0.755816	0.571258	0.050781	0.002579	49
-0.736914	0.543042	0.003906	0.000015	42
-0.736713	0.542746	0.050781	0.002579	46
-0.748210	0.559818	0.007812	0.000061	47
-0.745240	0.555382	0.011719	0.000137	39
-0.740880	0.548903	0.031250	0.000977	71
-0.739547	0.546930	0.046875	0.002197	47
-0.747124	0.558195	0.003906	0.000015	43
-0.743997	0.553532	0.042969	0.001846	41
-0.747537	0.558812	0.039062	0.001526	40
-0.749414	0.561622	0.015625	0.000244	33
-0.734937	0.540133	0.066406	0.004410	44
-0.735060	0.540313	0.050781	0.002579	43
-0.738610	0.545544	0.042969	0.001846	53
-0.759256	0.576469	0.031250	0.000977	34
-0.741394	0.549665	0.007812	0.000061	32
-0.738227	0.544980	0.007812	0.000061	27
-0.733732	0.538362	0.058594	0.003433	39
-0.724955	0.525559	0.042969	0.001846	48
-0.748730	0.560596	0.011719	0.000137	44
-0.738644	0.545596	0.066406	0.004410	32
-0.756773	0.572706	0.023438	0.000549	36
-0.728852	0.531225	0.035156	0.001236	47
-0.742233	0.550910	0.039062	0.001526	46
-0.734845	0.539997	0.019531	0.000381	29
-0.723190	0.523004	0.003906	0.000015	38
-0.735096	0.540366	0.003906	0.000015	54
-0.735290	0.540651	0.011719	0.000137	41
-0.732436	0.536463	0.007812	0.000061	32
-0.731309	0.534812	0.027344	0.000748	39
-0.747588	0.558887	0.007812	0.000061	30
-0.739696	0.547151	0.023438	0.000549	28
-0.743733	0.553139	0.054688	0.002991	45
-0.725167	0.525867	0.078125	0.006104	36
-0.745240	0.555382	0.007812	0.000061	34
-0.744756	0.554661	0.023438	0.000549	60
-0.735325	0.540703	0.000000	0.000000	46
-0.720225	0.518724	0.007812	0.000061	33
-0.733379	0.537845	0.015625	0.000244	56
-0.761447	0.579801	0.046875	0.002197	39
-0.742661	0.551545	0.074219	0.005508	32
-0.730241	0.533251	0.019531	0.000381	34
-0.726808	0.528249	0.003906	0.000015	33
-0.731010	0.534375	0.035156	0.001236	38
-0.728047	0.530052	0.027344	0.000748	33
-0.731785	0.535509	0.007812	0.000061	74
-0.741789	0.550251	0.019531	0.000381	59
-0.742892	0.551888	0.054688	0.002991	27
-0.751407	0.564613	0.035156	0.001236	35
-0.728823	0.531183	0.070312	0.004944	43
-0.754111	0.568683	0.050781	0.002579	64
-0.747401	0.558609	0.062500	0.003906	45
-0.732006	0.535833	0.042969	0.001846	42
