# Energy	Energy^2	Magnetic	Magnet^2	Cycles
-0.750158	0.562738	0.009766	0.000095	37
-0.747617	0.558932	0.003906	0.000015	40
-0.738123	0.544825	0.005859	0.000034	46
-0.751764	0.565148	0.027344	0.000748	69
-0.738623	0.545564	0.017578	0.000309	40
-0.749651	0.561977	0.013672	0.000187	33
-0.744110	0.553700	0.003906	0.000015	52
-0.737704	0.544206	0.013672	0.000187	51
-0.749565	0.561847	0.005859	0.000034	42
-0.743533	0.552842	0.005859	0.000034	34
-0.738673	0.545638	0.023438	0.000549	40
-0.742213	0.550880	0.015625	0.000244	50
-0.742336	0.551063	0.023438	0.000549	34
-0.751052	0.564079	0.013672	0.000187	58
-0.739313	0.546584	0.033203	0.001102	37
-0.743986	0.553514	0.031250	0.000977	38
-0.736878	0.542989	0.001953	0.000004	60
-0.739888	0.547434	0.007812	0.000061	38
-0.754370	0.569075	0.025391	0.000645	36
-0.759296	0.576530	0.009766	0.000095	46
-0.747035	0.558061	0.021484	0.000462	37
-0.745189	0.555306	0.033203	0.001102	58
-0.745549	0.555843	0.029297	0.000858	34
-0.741309	0.549540	0.015625	0.000244	42
-0.735895	0.541542	0.033203	0.001102	36
-0.754501	0.569271	0.050781	0.002579	47
-0.747115	0.558180	0.044922	0.002018	45
-0.751761	0.565145	0.035156	0.001236	42
-0.734764	0.539878	0.048828	0.002384	60
-0.751520	0.564782	0.025391	0.000645	40
-0.745533	0.555820	0.039062	0.001526	34
-0.742091	0.550699	0.011719	0.000137	34
-0.751580	0.564873	0.009766	0.000095	44
-0.735049	0.540297	0.021484	0.000462	47
-0.749785	0.562177	0.060547	0.003666	81
-0.741294	0.549516	0.000000	0.000000	48
-0.739465	0.546809	0.017578	0.000309	44
-0.738664	0.545625	0.029297	0.000858	34
-0.743293	0.552484	0.062500	0.003906	59
-0.745183	0.555297	0.017578	0.000309	79
-0.737661	0.544144	0.074219	0.005508	31
-0.742395	0.551150	0.052734	0.002781	42
-0.741096	0.549223	0.021484	0.000462	44
-0.746478	0.557230	0.015625	0.000244	45
-0.741124	0.549265	0.035156	0.001236	36
-0.752342	0.566018	0.021484	0.000462	31
-0.729972	0.532859	0.062500	0.003906	33
-0.741477	0.549789	0.007812	0.000061	49
-0.748338	0.560010	0.062500	0.003906	39
-0.749358	0.561537	0.013672	0.000187	29
-0.750366	0.563049	0.037109	0.001377	50
-0.739010	0.546135	0.019531	0.000381	42
-0.744753	0.554657	0.033203	0.001102	46
-0.743117	0.552223	0.033203	0.001102	38
-0.752033	0.565553	0.003906	0.000015	51
-0.747086	0.558138	0.033203	0.001102	65
-0.734144	0.538968	0.021484	0.000462	45
-0.738021	0.544676	0.019531	0.000381	39
-0.735103	0.540376	0.009766	0.000095	38
-0.750691	0.563537	0.003906	0.000015	33
-0.749130	0.561195	0.033203	0.001102	52
-0.738930	0.546018	0.003906	0.000015	41
-0.751950	0.565429	0.023438	0.000549	40
-0.744217	0.553859	0.021484	0.000462	46
-0.742951	0.551976	0.009766	0.000095	57
-0.749667	0.562001	0.011719	0.000137	63
-0.739753	0.547234	0.021484	0.000462	66
-0.747237	0.558363	0.039062	0.001526	40
-0.753075	0.567122	0.027344	0.000748	41
-0.750969	0.563954	0.029297	0.000858	31
-0.739019	0.546149	0.029297	0.000858	41
-0.745854	0.556298	0.015625	0.000244	65
-0.751109	0.564164	0.023438	0.000549	58
-0.750219	0.562828	0.031250	0.000977	46
-0.747753	0.559134	0.033203	0.001102	38
-0.747725	0.559093	0.035156	0.001236	37
-0.740086	0.547727	0.046875	0.002197	34
-0.754734	0.569623	0.039062	0.001526	49
-0.736253	0.542068	0.058594	0.003433	36
-0.740823	0.548819	0.080078	0.006413	29
-0.738877	0.545939	0.017578	0.000309	43
-0.741872	0.550374	0.013672	0.000187	33
-0.746847	0.557781	0.044922	0.002018	57
-0.748223	0.559837	0.033203	0.001102	37
-0.739059	0.546208	0.027344	0.000748	43
-0.745220	0.555353	0.035156	0.001236	37
-0.740715	0.548659	0.001953	0.000004	49
-0.742658	0.551541	0.015625	0.000244	68
-0.745809	0.556231	0.031250	0.000977	38
-0.751856	0.565288	0.025391	0.000645	54
-0.733374	0.537837	0.068359	0.004673	53
-0.750345	0.563017	0.017578	0.000309	45
-0.748968	0.560953	0.017578	0.000309	46
-0.748373	0.560062	0.015625	0.000244	28
-0.739735	0.547207	0.054688	0.002991	34
-0.741155	0.549311	0.013672	0.000187	66
-0.745242	0.555386	0.076172	0.005802	31
-0.745854	0.556298	0.001953	0.000004	50
-0.745525	0.555807	0.025391	0.000645	42
-0.757126	0.573240	0.041016	0.001682	49
-0.744706	0.554587	0.007812	0.000061	59
-0.740347	0.548113	0.029297	0.000858	32
-0.752262	0.565898	0.019531	0.000381	29
-0.741708	0.550130	0.013672	0.000187	41
-0.737478	0.543873	0.017578	0.000309	53
-0.745434	0.555672	0.078125	0.006104	37
-0.743444	0.552709	0.050781	0.002579	49
-0.742977	0.552015	0.048828	0.002384	38
-0.738354	0.545167	0.009766	0.000095	55
-0.743072	0.552156	0.017578	0.000309	77
-0.734825	0.539967	0.019531	0.000381	36
-0.741957	0.550499	0.001953	0.000004	41
-0.740843	0.548848	0.052734	0.002781	57
-0.743078	0.552165	0.005859	0.000034	41
-0.740411	0.548208	0.033203	0.001102	52
-0.738079	0.544761	0.017578	0.000309	48
-0.749710	0.562066	0.011719	0.000137	57
-0.748499	0.560251	0.013672	0.000187	32
-0.738407	0.545245	0.013672	0.000187	53
-0.748462	0.560195	0.042969	0.001846	40
-0.750954	0.563932	0.009766	0.000095	66
-0.741918	0.550442	0.027344	0.000748	61
-0.743855	0.553320	0.021484	0.000462	35
-0.743281	0.552466	0.031250	0.000977	35
-0.728358	0.530505	0.009766	0.000095	40
-0.750223	0.562834	0.029297	0.000858	28
-0.744717	0.554604	0.019531	0.000381	41
-0.742628	0.551496	0.029297	0.000858	38
-0.741143	0.549292	0.017578	0.000309	47
-0.747147	0.558229	0.017578	0.000309	48
-0.745479	0.555738	0.048828	0.002384	39
-0.745910	0.556381	0.027344	0.000748	51
-0.744423	0.554166	0.005859	0.000034	30
-0.760268	0.578007	0.000000	0.000000	38
-0.750202	0.562803	0.035156	0.001236	51
-0.752989	0.566992	0.031250	0.000977	49
-0.735112	0.540390	0.035156	0.001236	38
-0.749551	0.561827	0.021484	0.000462	42
-0.738564	0.545477	0.013672	0.000187	63
-0.751139	0.564210	0.066406	0.004410	63
-0.737559	0.543994	0.027344	0.000748	47
-0.746158	0.556751	0.009766	0.000095	51
-0.751513	0.564772	0.011719	0.000137	46
-0.751441	0.564664	0.009766	0.000095	34
-0.742291	0.550995	0.013672	0.000187	48
-0.748220	0.559833	0.019531	0.000381	40
-0.739942	0.547514	0.033203	0.001102	39
-0.759772	0.577253	0.003906	0.000015	80
-0.749553	0.561829	0.080078	0.006413	36
-0.731028	0.534402	0.058594	0.003433	44
-0.754849	0.569797	0.027344	0.000748	42
-0.747648	0.558978	0.017578	0.000309	60
-0.743363	0.552589	0.042969	0.001846	30
-0.748125	0.559692	0.023438	0.000549	35
-0.738152	0.544869	0.029297	0.000858	36
-0.749152	0.561228	0.027344	0.000748	39
-0.758721	0.575657	0.021484	0.000462	44
-0.746825	0.557748	0.046875	0.002197	38
-0.741005	0.549089	0.013672	0.000187	42
-0.744396	0.554126	0.029297	0.000858	51
-0.742139	0.550771	0.029297	0.000858	58
-0.749096	0.561144	0.066406	0.004410	49
-0.744953	0.554956	0.031250	0.000977	37
-0.732919	0.537171	0.025391	0.000645	36
-0.752027	0.565545	0.015625	0.000244	41
-0.740194	0.547888	0.013672	0.000187	46
-0.730411	0.533501	0.007812	0.000061	32
-0.738163	0.544884	0.037109	0.001377	40
-0.751081	0.564122	0.046875	0.002197	39
-0.746840	0.557770	0.000000	0.000000	35
-0.742776	0.551716	0.048828	0.002384	56
-0.741151	0.549305	0.005859	0.000034	43
-0.738370	0.545190	0.001953	0.000004	34
-0.748035	0.559556	0.033203	0.001102	41
-0.748210	0.559818	0.017578	0.000309	57
-0.742541	0.551367	0.007812	0.000061	44
-0.754914	0.569895	0.015625	0.000244	35
-0.752952	0.566937	0.025391	0.000645	38
-0.742863	0.551846	0.013672	0.000187	41
-0.747595	0.558899	0.031250	0.000977	58
-0.736527	0.542472	0.041016	0.001682	38
-0.747573	0.558865	0.044922	0.002018	27
-0.739205	0.546425	0.035156	0.001236	37
-0.746568	0.557364	0.064453	0.004154	73
-0.749807	0.562210	0.041016	0.001682	41
-0.740672	0.548595	0.017578	0.000309	36
-0.742978	0.552016	0.042969	0.001846	37
-0.736801	0.542875	0.052734	0.002781	40
-0.748740	0.560611	0.011719	0.000137	72
-0.752822	0.566741	0.017578	0.000309	40
-0.740272	0.548003	0.046875	0.002197	73
-0.749277	0.561417	0.017578	0.000309	40
-0.739361	0.546654	0.031250	0.000977	31
-0.745336	0.555526	0.027344	0.000748	49
-0.740742	0.548699	0.039062	0.001526	36
-0.744454	0.554212	0.017578	0.000309	52
-0.742358	0.551096	0.003906	0.000015	40
-0.741972	0.550523	0.003906	0.000015	43
-0.751211	0.564318	0.017578	0.000309	46
-0.749633	0.561950	0.005859	0.000034	57
-0.744337	0.554038	0.035156	0.001236	32
-0.742990	0.552034	0.035156	0.001236	47
-0.745042	0.555087	0.019531	0.000381	64
-0.747493	0.558745	0.003906	0.000015	46
-0.739937	0.547507	0.025391	0.000645	31
-0.743809	0.553252	0.003906	0.000015	53
-0.745050	0.555100	0.035156	0.001236	46
-0.747039	0.558068	0.007812	0.000061	33
-0.743283	0.552469	0.025391	0.000645	39
-0.744276	0.553947	0.009766	0.000095	67
-0.748639	0.560461	0.005859	0.000034	45
-0.740887	0.548914	0.023438	0.000549	40
-0.750064	0.562596	0.013672	0.000187	46
-0.733792	0.538451	0.044922	0.002018	39
-0.741919	0.550445	0.009766	0.000095	35
-0.752280	0.565926	0.005859	0.000034	53
-0.738216	0.544963	0.044922	0.002018	42
-0.749713	0.562069	0.000000	0.000000	37
-0.744138	0.553741	0.009766	0.000095	39
-0.749824	0.562236	0.005859	0.000034	48
-0.741135	0.549281	0.007812	0.000061	77
-0.744981	0.554997	0.003906	0.000015	41
-0.744875	0.554838	0.013672	0.000187	76
-0.733559	0.538108	0.050781	0.002579	38
-0.742090	0.550698	0.009766	0.000095	32
-0.740698	0.548634	0.013672	0.000187	34
-0.735180	0.540490	0.025391	0.000645	36
-0.746152	0.556742	0.060547	0.003666	64
-0.741438	0.549730	0.019531	0.000381	41
-0.743032	0.552097	0.015625	0.000244	61
-0.743008	0.552061	0.021484	0.000462	32
-0.751557	0.564837	0.033203	0.001102	61
-0.747439	0.558665	0.019531	0.000381	40
-0.742207	0.550872	0.058594	0.003433	52
-0.747442	0.558670	0.025391	0.000645	42
-0.744352	0.554060	0.021484	0.000462	31
-0.753329	0.567504	0.017578	0.000309	74
-0.743428	0.552685	0.009766	0.000095	62
-0.736326	0.542176	0.041016	0.001682	34
-0.744458	0.554217	0.048828	0.002384	35
-0.741834	0.550317	0.005859	0.000034	63
-0.751275	0.564415	0.003906	0.000015	55
-0.750785	0.563678	0.019531	0.000381	48
-0.742832	0.551799	0.027344	0.000748	51
-0.742191	0.550847	0.029297	0.000858	61
-0.733062	0.537381	0.013672	0.000187	50
-0.748809	0.560716	0.013672	0.000187	37
-0.745884	0.556342	0.017578	0.000309	58
-0.745202	0.555325	0.039062	0.001526	37
-0.746250	0.556889	0.021484	0.000462	29
-0.752056	0.565588	0.017578	0.000309	71
-0.735937	0.541604	0.060547	0.003666	73
-0.746904	0.557865	0.021484	0.000462	44
-0.743084	0.552174	0.005859	0.000034	57
-0.736476	0.542396	0.082031	0.006729	40
-0.750116	0.562675	0.000000	0.000000	45
-0.736568	0.542532	0.009766	0.000095	33
-0.742831	0.551797	0.007812	0.000061	56
-0.735925	0.541586	0.046875	0.002197	34
-0.749804	0.562206	0.029297	0.000858	38
-0.739452	0.546789	0.080078	0.006413	44
-0.753208	0.567322	0.009766	0.000095	45
-0.749420	0.561630	0.005859	0.000034	34
-0.736486	0.542411	0.021484	0.000462	51
-0.737350	0.543684	0.033203	0.001102	43
-0.753552	0.567841	0.007812	0.000061	44
-0.741343	0.549590	0.007812	0.000061	35
-0.734983	0.540200	0.005859	0.000034	34
-0.750203	0.562805	0.025391	0.000645	44
-0.752159	0.565742	0.025391	0.000645	40
-0.747854	0.559286	0.031250	0.000977	54
-0.738740	0.545737	0.001953	0.000004	42
-0.746091	0.556652	0.023438	0.000549	51
-0.753430	0.567656	0.011719	0.000137	33
-0.741924	0.550451	0.013672	0.000187	38
-0.743035	0.552101	0.019531	0.000381	32
-0.738031	0.544689	0.015625	0.000244	39
-0.742315	0.551032	0.007812	0.000061	42
-0.744276	0.553947	0.056641	0.003208	44
-0.741055	0.549163	0.027344	0.000748	36
-0.741052	0.549158	0.000000	0.000000	57
-0.743283	0.552469	0.048828	0.002384	48
-0.747273	0.558418	0.033203	0.001102	56
-0.736828	0.542916	0.000000	0.000000	40
-0.735355	0.540747	0.015625	0.000244	42
-0.742451	0.551234	0.019531	0.000381	58
-0.749162	0.561244	0.060547	0.003666	53
-0.742396	0.551152	0.033203	0.001102	52
-0.746463	0.557207	0.048828	0.002384	44
-0.750006	0.562510	0.027344	0.000748	46
-0.743708	0.553101	0.021484	0.000462	35
-0.740000	0.547600	0.068359	0.004673	45
-0.757455	0.573738	0.013672	0.000187	43
-0.747990	0.559489	0.029297	0.000858	32
-0.735776	0.541366	0.013672	0.000187	37
-0.749000	0.561001	0.050781	0.002579	48
-0.750613	0.563420	0.037109	0.001377	56
-0.755594	0.570922	0.037109	0.001377	41
-0.739650	0.547082	0.019531	0.000381	42
-0.744835	0.554779	0.009766	0.000095	39
-0.746075	0.556628	0.023438	0.000549	32
-0.746775	0.557674	0.021484	0.000462	34
-0.747460	0.558696	0.039062	0.001526	32
-0.737472	0.543866	0.019531	0.000381	40
-0.739054	0.546202	0.033203	0.001102	43
-0.755628	0.570973	0.001953	0.000004	41
-0.745829	0.556261	0.048828	0.002384	42
-0.738167	0.544890	0.015625	0.000244	46
-0.749657	0.561986	0.001953	0.000004	39
-0.733814	0.538483	0.054688	0.002991	32
-0.735096	0.540367	0.013672	0.000187	37
-0.746278	0.556931	0.005859	0.000034	50
-0.750151	0.562726	0.046875	0.002197	36
-0.740965	0.549030	0.001953	0.000004	37
-0.747755	0.559138	0.013672	0.000187	32
-0.742211	0.550878	0.003906	0.000015	33
-0.753532	0.567811	0.017578	0.000309	39
-0.744664	0.554525	0.021484	0.000462	35
-0.750416	0.563125	0.029297	0.000858	51
-0.753617	0.567939	0.000000	0.000000	43
-0.747048	0.558081	0.037109	0.001377	38
-0.752354	0.566037	0.011719	0.000137	39
-0.743214	0.552366	0.011719	0.000137	81
-0.753236	0.567365	0.037109	0.001377	35
-0.744016	0.553559	0.009766	0.000095	30
-0.742918	0.551927	0.029297	0.000858	56
-0.743443	0.552707	0.000000	0.000000	47
-0.741670	0.550074	0.029297	0.000858	62
-0.752383	0.566080	0.080078	0.006413	53
-0.727755	0.529627	0.041016	0.001682	36
-0.743493	0.552782	0.019531	0.000381	32
-0.735096	0.540366	0.060547	0.003666	37
-0.752223	0.565839	0.005859	0.000034	38
-0.725362	0.526150	0.058594	0.003433	40
-0.741909	0.550429	0.056641	0.003208	40
-0.744930	0.554921	0.007812	0.000061	45
-0.746891	0.557847	0.017578	0.000309	39
-0.739337	0.546620	0.015625	0.000244	43
-0.756641	0.572505	0.003906	0.000015	31
-0.742915	0.551923	0.019531	0.000381	49
-0.749467	0.561701	0.046875	0.002197	32
-0.737438	0.543815	0.005859	0.000034	35
-0.748213	0.559822	0.033203	0.001102	48
-0.743684	0.553065	0.001953	0.000004	46
-0.749375	0.561563	0.013672	0.000187	47
-0.744200	0.553833	0.015625	0.000244	39
-0.737610	0.544068	0.011719	0.000137	45
-0.749448	0.561672	0.013672	0.000187	41
-0.739302	0.546567	0.005859	0.000034	42
-0.745985	0.556493	0.009766	0.000095	37
-0.748965	0.560948	0.013672	0.000187	37
-0.743204	0.552352	0.068359	0.004673	36
-0.735179	0.540488	0.015625	0.000244	66
-0.737652	0.544131	0.007812	0.000061	44
-0.754071	0.568623	0.027344	0.000748	47
-0.727174	0.528783	0.027344	0.000748	41
-0.748458	0.560190	0.003906	0.000015	42
-0.743225	0.552384	0.009766	0.000095	38
-0.739843	0.547368	0.023438	0.000549	61
-0.748842	0.560764	0.009766	0.000095	57
-0.750317	0.562975	0.027344	0.000748	36
-0.757968	0.574516	0.003906	0.000015	69
-0.729845	0.532673	0.017578	0.000309	29
-0.737484	0.543883	0.031250	0.000977	57
-0.749189	0.561284	0.001953	0.000004	44
-0.739263	0.546510	0.035156	0.001236	46
-0.742006	0.550573	0.007812	0.000061	45
-0.745689	0.556051	0.015625	0.000244	47
-0.743891	0.553374	0.013672	0.000187	54
-0.743804	0.553244	0.023438	0.000549	40
-0.744603	0.554434	0.013672	0.000187	31
-0.750176	0.562764	0.027344	0.000748	48
-0.746678	0.557527	0.001953	0.000004	54
-0.749723	0.562085	0.062500	0.003906	56
-0.736118	0.541869	0.035156	0.001236	63
-0.745180	0.555294	0.011719	0.000137	47
-0.749084	0.561126	0.019531	0.000381	43
-0.753284	0.567437	0.017578	0.000309	30
-0.737119	0.543345	0.005859	0.000034	40
-0.742195	0.550854	0.033203	0.001102	42
-0.745602	0.555922	0.068359	0.004673	36
-0.747679	0.559024	0.000000	0.000000	41
-0.740846	0.548852	0.003906	0.000015	70
-0.744914	0.554897	0.001953	0.000004	31
-0.746793	0.557700	0.060547	0.003666	32
-0.739566	0.546957	0.029297	0.000858	49
-0.745387	0.555602	0.007812	0.000061	51
-0.752832	0.566756	0.031250	0.000977	36
-0.751320	0.564481	0.050781	0.002579	42
-0.757952	0.574491	0.058594	0.003433	36
-0.744272	0.553941	0.013672	0.000187	55
-0.733415	0.537897	0.009766	0.000095	42
-0.747947	0.559425	0.007812	0.000061	57
-0.751120	0.564181	0.019531	0.000381	39
-0.740619	0.548516	0.031250	0.000977	36
-0.745958	0.556453	0.025391	0.000645	45
-0.751072	0.564109	0.029297	0.000858	54
-0.748274	0.559914	0.029297	0.000858	39
-0.742539	0.551364	0.056641	0.003208	46
-0.738571	0.545487	0.019531	0.000381	51
-0.741369	0.549628	0.025391	0.000645	40
-0.740622	0.548521	0.041016	0.001682	40
-0.748023	0.559539	0.070312	0.004944	77
-0.744209	0.553848	0.003906	0.000015	49
-0.734178	0.539017	0.025391	0.000645	41
-0.747209	0.558321	0.021484	0.000462	43
-0.737977	0.544609	0.015625	0.000244	83
-0.743554	0.552872	0.017578	0.000309	34
-0.746831	0.557757	0.041016	0.001682	48
-0.745380	0.555591	0.005859	0.000034	40
-0.740798	0.548781	0.027344	0.000748	47
-0.733669	0.538270	0.019531	0.000381	79
-0.746861	0.557801	0.021484	0.000462	35
-0.753138	0.567216	0.042969	0.001846	38
-0.750994	0.563992	0.015625	0.000244	46
-0.735405	0.540820	0.005859	0.000034	46
-0.752863	0.566803	0.003906	0.000015	34
-0.744341	0.554044	0.037109	0.001377	45
-0.745645	0.555987	0.041016	0.001682	32
-0.733165	0.537531	0.013672	0.000187	37
-0.741679	0.550088	0.000000	0.000000	71
-0.746249	0.556887	0.017578	0.000309	42
-0.739978	0.547567	0.000000	0.000000	41
-0.739464	0.546807	0.000000	0.000000	53
-0.745767	0.556169	0.052734	0.002781	41
-0.746916	0.557884	0.027344	0.000748	41
-0.750918	0.563878	0.003906	0.000015	42
-0.754310	0.568984	0.046875	0.002197	33
-0.746726	0.557599	0.025391	0.000645	44
-0.732071	0.535927	0.054688	0.002991	31
-0.750344	0.563017	0.025391	0.000645	35
-0.746319	0.556992	0.009766	0.000095	61
-0.749933	0.562400	0.029297	0.000858	86
-0.743372	0.552602	0.000000	0.000000	61
-0.738074	0.544754	0.011719	0.000137	37
-0.740751	0.548713	0.054688	0.002991	65
-0.736771	0.542832	0.001953	0.000004	36
-0.743715	0.553112	0.042969	0.001846	40
-0.748029	0.559548	0.007812	0.000061	27
-0.739463	0.546805	0.017578	0.000309	54
-0.748410	0.560118	0.029297	0.000858	39
-0.754577	0.569387	0.048828	0.002384	32
-0.747719	0.559084	0.017578	0.000309	38
-0.745594	0.555911	0.027344	0.000748	44
-0.755098	0.570174	0.042969	0.001846	42
-0.748720	0.560581	0.000000	0.000000	42
-0.749597	0.561896	0.003906	0.000015	46
-0.741907	0.550425	0.054688	0.002991	59
-0.751658	0.564989	0.017578	0.000309	49
-0.745681	0.556040	0.072266	0.005222	46
-0.745941	0.556428	0.003906	0.000015	50
-0.738865	0.545922	0.029297	0.000858	40
-0.736225	0.542028	0.039062	0.001526	34
-0.751029	0.564045	0.046875	0.002197	27
-0.750448	0.563173	0.031250	0.000977	93
-0.747170	0.558263	0.027344	0.000748	36
-0.750850	0.563776	0.017578	0.000309	49
-0.744455	0.554213	0.031250	0.000977	37
-0.747742	0.559118	0.031250	0.000977	37
-0.746258	0.556901	0.023438	0.000549	53
-0.736726	0.542766	0.003906	0.000015	42
-0.734658	0.539722	0.031250	0.000977	56
-0.744290	0.553968	0.001953	0.000004	36
-0.749837	0.562256	0.001953	0.000004	42
-0.744021	0.553568	0.019531	0.000381	50
-0.746760	0.557651	0.009766	0.000095	40
-0.750852	0.563779	0.025391	0.000645	39
-0.737231	0.543509	0.041016	0.001682	44
-0.734300	0.539197	0.011719	0.000137	48
-0.738920	0.546003	0.000000	0.000000	46
-0.741378	0.549641	0.044922	0.002018	57
-0.745096	0.555168	0.097656	0.009537	82
-0.740781	0.548756	0.015625	0.000244	48
-0.737918	0.544524	0.060547	0.003666	47
-0.748771	0.560659	0.021484	0.000462	38
-0.749762	0.562143	0.025391	0.000645	27
-0.737044	0.543234	0.017578	0.000309	53
-0.750651	0.563477	0.001953	0.000004	29
-0.751113	0.564171	0.021484	0.000462	48
-0.746022	0.556549	0.001953	0.000004	35
-0.742178	0.550828	0.046875	0.002197	46
-0.742842	0.551815	0.048828	0.002384	46
-0.745661	0.556011	0.037109	0.001377	32
-0.732879	0.537112	0.035156	0.001236	30
-0.736086	0.541823	0.000000	0.000000	36
-0.739037	0.546176	0.021484	0.000462	59
-0.750844	0.563766	0.009766	0.000095	35
-0.745211	0.555340	0.017578	0.000309	43
-0.744171	0.553791	0.015625	0.000244	44
-0.745042	0.555087	0.033203	0.001102	79
-0.742684	0.551580	0.042969	0.001846	34
-0.745937	0.556421	0.015625	0.000244	35
-0.755403	0.570634	0.007812	0.000061	41
-0.739299	0.546563	0.011719	0.000137	39
-0.745151	0.555250	0.039062	0.001526	44
-0.749128	0.561192	0.037109	0.001377	35
-0.752231	0.565851	0.021484	0.000462	34
-0.738715	0.545699	0.021484	0.000462	34
-0.753707	0.568074	0.019531	0.000381	46
-0.744446	0.554199	0.001953	0.000004	40
-0.741240	0.549436	0.050781	0.002579	61
-0.749707	0.562060	0.017578	0.000309	39
-0.747737	0.559111	0.037109	0.001377	38
-0.749193	0.561290	0.029297	0.000858	54
-0.758621	0.575505	0.011719	0.000137	37
-0.745798	0.556215	0.052734	0.002781	27
-0.744321	0.554014	0.052734	0.002781	36
-0.740481	0.548312	0.005859	0.000034	45
-0.746150	0.556739	0.019531	0.000381	41
-0.757654	0.574039	0.013672	0.000187	43
-0.737879	0.544465	0.044922	0.002018	61
-0.741173	0.549337	0.011719	0.000137	44
-0.746370	0.557068	0.058594	0.003433	45
-0.750253	0.562880	0.046875	0.002197	32
-0.741180	0.549347	0.021484	0.000462	39
-0.738477	0.545349	0.066406	0.004410	39
-0.738364	0.545181	0.001953	0.000004	51
-0.749817	0.562225	0.039062	0.001526	36
-0.744730	0.554622	0.007812	0.000061	43
-0.752026	0.565543	0.011719	0.000137	38
-0.748709	0.560565	0.009766	0.000095	46
-0.740978	0.549048	0.013672	0.000187	34
-0.747479	0.558725	0.007812	0.000061	50
-0.744200	0.553833	0.052734	0.002781	41
-0.738187	0.544920	0.019531	0.000381	35
-0.751115	0.564174	0.050781	0.002579	36
-0.740178	0.547864	0.025391	0.000645	49
-0.754209	0.568831	0.054688	0.002991	36
-0.747726	0.559094	0.011719	0.000137	38
-0.738911	0.545989	0.005859	0.000034	31
-0.736190	0.541976	0.011719	0.000137	29
-0.744067	0.553636	0.025391	0.000645	46
-0.739101	0.546270	0.044922	0.002018	85
-0.740554	0.548420	0.013672	0.000187	61
-0.731939	0.535735	0.025391	0.000645	44
-0.746510	0.557277	0.023438	0.000549	36
-0.743259	0.552434	0.001953	0.000004	44
-0.742626	0.551494	0.015625	0.000244	47
-0.735745	0.541320	0.037109	0.001377	36
-0.743699	0.553088	0.009766	0.000095	49
-0.743000	0.552049	0.001953	0.000004	37
-0.752410	0.566121	0.005859	0.000034	57
-0.743960	0.553476	0.064453	0.004154	84
-0.737023	0.543203	0.013672	0.000187	44
-0.748396	0.560096	0.001953	0.000004	44
-0.744617	0.554454	0.005859	0.000034	51
-0.738634	0.545581	0.009766	0.000095	28
-0.749650	0.561975	0.046875	0.002197	62
-0.734775	0.539894	0.041016	0.001682	32
-0.735964	0.541643	0.005859	0.000034	41
-0.737854	0.544429	0.062500	0.003906	45
-0.753357	0.567547	0.013672	0.000187	45
-0.739759	0.547244	0.037109	0.001377	57
-0.746457	0.557198	0.064453	0.004154	32
-0.749973	0.562460	0.009766	0.000095	36
-0.743321	0.552526	0.017578	0.000309	28
-0.744208	0.553845	0.037109	0.001377	43
-0.751163	0.564245	0.080078	0.006413	36
-0.739054	0.546200	0.003906	0.000015	49
-0.754876	0.569837	0.015625	0.000244	54
-0.742135	0.550764	0.037109	0.001377	47
-0.752955	0.566941	0.031250	0.000977	64
-0.746464	0.557209	0.011719	0.000137	44
-0.738785	0.545804	0.042969	0.001846	51
-0.752505	0.566264	0.001953	0.000004	44
-0.740669	0.548590	0.048828	0.002384	44
-0.744620	0.554458	0.000000	0.000000	34
-0.742745	0.551671	0.009766	0.000095	34
-0.750424	0.563135	0.021484	0.000462	30
-0.745780	0.556189	0.001953	0.000004	34
-0.744506	0.554289	0.019531	0.000381	29
-0.733571	0.538126	0.058594	0.003433	46
-0.743276	0.552460	0.019531	0.000381	37
-0.742878	0.551867	0.021484	0.000462	49
-0.742061	0.550655	0.039062	0.001526	32
-0.745677	0.556034	0.023438	0.000549	41
-0.746837	0.557766	0.037109	0.001377	47
-0.749262	0.561394	0.021484	0.000462	45
-0.744085	0.553663	0.007812	0.000061	41
-0.745354	0.555552	0.025391	0.000645	40
-0.744672	0.554537	0.042969	0.001846	32
-0.752389	0.566089	0.025391	0.000645	35
-0.745822	0.556251	0.021484	0.000462	47
-0.741894	0.550407	0.021484	0.000462	41
-0.742838	0.551808	0.005859	0.000034	36
-0.747972	0.559462	0.029297	0.000858	85
-0.755484	0.570755	0.005859	0.000034	57
-0.733624	0.538204	0.048828	0.002384	43
-0.751459	0.564691	0.011719	0.000137	37
-0.744482	0.554253	0.015625	0.000244	39
-0.758724	0.575662	0.000000	0.000000	35
-0.744288	0.553964	0.039062	0.001526	54
-0.744412	0.554150	0.001953	0.000004	59
-0.742429	0.551201	0.009766	0.000095	40
-0.754181	0.568790	0.007812	0.000061	61
-0.725563	0.526442	0.001953	0.000004	69
-0.738439	0.545293	0.013672	0.000187	51
-0.736798	0.542872	0.033203	0.001102	57
-0.740324	0.548079	0.000000	0.000000	36
-0.738033	0.544693	0.025391	0.000645	53
-0.739380	0.546683	0.007812	0.000061	39
-0.750127	0.562691	0.017578	0.000309	40
-0.746387	0.557094	0.003906	0.000015	31
-0.751325	0.564489	0.048828	0.002384	132
-0.747089	0.558142	0.007812	0.000061	56
-0.746601	0.557413	0.044922	0.002018	36
-0.749142	0.561213	0.041016	0.001682	68
-0.741191	0.549364	0.035156	0.001236	69
-0.748200	0.559804	0.029297	0.000858	52
-0.741656	0.550054	0.062500	0.003906	45
-0.743119	0.552226	0.035156	0.001236	42
-0.753657	0.567999	0.027344	0.000748	35
-0.735993	0.541685	0.000000	0.000000	31
-0.742346	0.551077	0.023438	0.000549	50
-0.738226	0.544978	0.031250	0.000977	51
-0.739505	0.546867	0.031250	0.000977	40
-0.742012	0.550582	0.003906	0.000015	41
-0.737940	0.544555	0.003906	0.000015	44
-0.749562	0.561843	0.029297	0.000858	34
-0.741413	0.549693	0.001953	0.000004	38
-0.741285	0.549504	0.080078	0.006413	55
-0.738375	0.545198	0.060547	0.003666	40
-0.750378	0.563067	0.062500	0.003906	46
-0.745106	0.555182	0.001953	0.000004	48
-0.736242	0.542053	0.031250	0.000977	27
-0.748944	0.560917	0.017578	0.000309	38
-0.741495	0.549814	0.000000	0.000000	37
-0.745648	0.555991	0.074219	0.005508	43
-0.742556	0.551389	0.041016	0.001682	46
-0.741660	0.550060	0.011719	0.000137	38
-0.754740	0.569632	0.025391	0.000645	56
-0.738526	0.545421	0.060547	0.003666	28
-0.746726	0.557599	0.025391	0.000645	42
-0.743049	0.552122	0.013672	0.000187	68
-0.764665	0.584713	0.035156	0.001236	43
-0.747215	0.558330	0.021484	0.000462	33
-0.750097	0.562645	0.035156	0.001236	38
-0.749922	0.562382	0.017578	0.000309	48
-0.743961	0.553478	0.015625	0.000244	46
-0.744009	0.553550	0.025391	0.000645	37
-0.741088	0.549212	0.003906	0.000015	45
-0.744920	0.554905	0.015625	0.000244	53
-0.752151	0.565732	0.011719	0.000137	35
-0.747986	0.559484	0.029297	0.000858	64
-0.743022	0.552081	0.011719	0.000137	42
-0.742938	0.551957	0.013672	0.000187	31
-0.749219	0.561329	0.037109	0.001377	60
-0.742597	0.551450	0.007812	0.000061	50
-0.742819	0.551779	0.042969	0.001846	41
-0.747704	0.559061	0.017578	0.000309	47
-0.746401	0.557115	0.046875	0.002197	43
-0.744344	0.554049	0.011719	0.000137	31
-0.750916	0.563875	0.011719	0.000137	74
-0.741737	0.550174	0.083984	0.007053	64
-0.745391	0.555607	0.015625	0.000244	31
-0.751727	0.565094	0.027344	0.000748	39
-0.753109	0.567173	0.046875	0.002197	49
-0.754778	0.569689	0.017578	0.000309	65
-0.742767	0.551703	0.029297	0.000858	59
-0.742043	0.550628	0.035156	0.001236	39
-0.734777	0.539898	0.048828	0.002384	44
-0.754207	0.568827	0.021484	0.000462	51
-0.749969	0.562454	0.023438	0.000549	38
-0.736787	0.542855	0.027344	0.000748	42
-0.758709	0.575639	0.035156	0.001236	42
-0.735012	0.540243	0.007812	0.000061	52
-0.739053	0.546199	0.044922	0.002018	36
-0.750508	0.563262	0.015625	0.000244	30
-0.740773	0.548745	0.064453	0.004154	48
-0.740966	0.549031	0.031250	0.000977	40
-0.736393	0.542275	0.068359	0.004673	42
-0.742133	0.550761	0.017578	0.000309	31
-0.744831	0.554773	0.009766	0.000095	42
-0.750832	0.563749	0.052734	0.002781	36
-0.739080	0.546239	0.058594	0.003433	39
-0.752402	0.566109	0.011719	0.000137	42
-0.745934	0.556418	0.029297	0.000858	51
-0.740778	0.548752	0.005859	0.000034	46
-0.744868	0.554828	0.011719	0.000137	41
-0.751124	0.564187	0.072266	0.005222	42
-0.737331	0.543657	0.041016	0.001682	46
-0.741227	0.549417	0.017578	0.000309	42
-0.755403	0.570633	0.017578	0.000309	53
-0.742528	0.551349	0.005859	0.000034	43
-0.754076	0.568631	0.037109	0.001377	57
-0.740173	0.547856	0.029297	0.000858	31
-0.739402	0.546715	0.007812	0.000061	69
-0.752096	0.565648	0.001953	0.000004	39
-0.746703	0.557566	0.000000	0.000000	47
-0.728015	0.530006	0.021484	0.000462	31
-0.748057	0.559589	0.041016	0.001682	33
-0.742225	0.550898	0.060547	0.003666	44
-0.743086	0.552177	0.009766	0.000095	51
-0.742528	0.551347	0.003906	0.000015	33
-0.753837	0.568271	0.060547	0.003666	68
-0.747542	0.558820	0.007812	0.000061	36
-0.746563	0.557356	0.015625	0.000244	52
-0.748186	0.559782	0.019531	0.000381	39
-0.748005	0.559511	0.105469	0.011124	36
-0.735840	0.541460	0.001953	0.000004	30
-0.747869	0.559308	0.039062	0.001526	50
-0.734235	0.539101	0.007812	0.000061	60
-0.749953	0.562429	0.029297	0.000858	45
-0.750139	0.562709	0.003906	0.000015	34
-0.750450	0.563175	0.013672	0.000187	42
-0.733367	0.537827	0.009766	0.000095	46
-0.746483	0.557238	0.005859	0.000034	53
-0.748780	0.560672	0.000000	0.000000	40
-0.740175	0.547859	0.031250	0.000977	40
-0.755226	0.570367	0.027344	0.000748	42
-0.749949	0.562424	0.033203	0.001102	37
-0.741530	0.549866	0.064453	0.004154	64
-0.745736	0.556122	0.031250	0.000977	50
-0.747000	0.558008	0.044922	0.002018	49
-0.754714	0.569594	0.066406	0.004410	47
-0.748228	0.559845	0.007812	0.000061	47
-0.748499	0.560251	0.027344	0.000748	42
-0.743836	0.553292	0.076172	0.005802	43
-0.737820	0.544379	0.017578	0.000309	56
-0.756464	0.572238	0.011719	0.000137	43
-0.743825	0.553275	0.037109	0.001377	39
-0.737403	0.543763	0.017578	0.000309	43
-0.747739	0.559113	0.003906	0.000015	46
-0.747280	0.558427	0.039062	0.001526	43
-0.738558	0.545468	0.013672	0.000187	59
-0.742941	0.551961	0.039062	0.001526	37
-0.747020	0.558038	0.019531	0.000381	53
-0.749012	0.561019	0.021484	0.000462	32
-0.750266	0.562899	0.029297	0.000858	75
-0.741611	0.549986	0.017578	0.000309	47
-0.745646	0.555988	0.013672	0.000187	58
-0.740385	0.548170	0.019531	0.000381	42
-0.742263	0.550954	0.007812	0.000061	45
-0.745441	0.555682	0.062500	0.003906	55
-0.738953	0.546052	0.039062	0.001526	53
-0.747534	0.558806	0.033203	0.001102	60
-0.744224	0.553870	0.019531	0.000381	53
-0.758122	0.574749	0.019531	0.000381	31
-0.746512	0.557280	0.060547	0.003666	63
-0.757783	0.574235	0.029297	0.000858	56
-0.739628	0.547050	0.007812	0.000061	36
-0.752851	0.566785	0.017578	0.000309	45
-0.739605	0.547015	0.046875	0.002197	44
-0.743132	0.552246	0.035156	0.001236	60
-0.748785	0.560679	0.021484	0.000462	58
-0.748356	0.560037	0.011719	0.000137	62
-0.736352	0.542214	0.037109	0.001377	49
-0.753864	0.568311	0.009766	0.000095	78
-0.748547	0.560323	0.009766	0.000095	58
-0.742778	0.551720	0.029297	0.000858	35
-0.741464	0.549769	0.035156	0.001236	42
-0.748631	0.560449	0.011719	0.000137	32
-0.733767	0.538413	0.001953	0.000004	46
-0.742079	0.550682	0.017578	0.000309	48
-0.739644	0.547073	0.021484	0.000462	28
-0.747954	0.559436	0.011719	0.000137	48
-0.755379	0.570598	0.062500	0.003906	54
-0.752976	0.566972	0.005859	0.000034	32
-0.745710	0.556083	0.025391	0.000645	37
-0.743730	0.553134	0.025391	0.000645	48
-0.742478	0.551274	0.011719	0.000137	29
-0.733272	0.537687	0.027344	0.000748	41
-0.747224	0.558344	0.025391	0.000645	41
-0.741481	0.549794	0.037109	0.001377	42
-0.746878	0.557827	0.025391	0.000645	49
-0.731489	0.535076	0.025391	0.000645	36
-0.735669	0.541209	0.025391	0.000645	46
-0.753188	0.567292	0.001953	0.000004	39
-0.741636	0.550024	0.021484	0.000462	39
-0.735936	0.541602	0.021484	0.000462	48
-0.744886	0.554856	0.033203	0.001102	37
-0.744380	0.554102	0.019531	0.000381	31
-0.738982	0.546094	0.058594	0.003433	42
-0.747174	0.558270	0.029297	0.000858	43
-0.745632	0.555967	0.044922	0.002018	49
-0.739294	0.546556	0.005859	0.000034	43
-0.741801	0.550269	0.037109	0.001377	49
-0.747248	0.558379	0.025391	0.000645	51
-0.746040	0.556576	0.003906	0.000015	61
-0.738646	0.545598	0.017578	0.000309	53
-0.749917	0.562375	0.007812	0.000061	47
-0.751774	0.565164	0.000000	0.000000	39
-0.751444	0.564669	0.011719	0.000137	39
-0.748068	0.559606	0.005859	0.000034	40
-0.737743	0.544265	0.007812	0.000061	60
-0.753332	0.567509	0.027344	0.000748	50
-0.747557	0.558841	0.029297	0.000858	41
-0.754853	0.569803	0.013672	0.000187	44
-0.736158	0.541928	0.021484	0.000462	52
-0.737609	0.544068	0.046875	0.002197	35
-0.746301	0.556965	0.001953	0.000004	28
-0.741426	0.549712	0.021484	0.000462	44
-0.745330	0.555517	0.027344	0.000748	53
-0.743808	0.553250	0.000000	0.000000	76
-0.743034	0.552100	0.009766	0.000095	38
-0.748112	0.559672	0.003906	0.000015	41
-0.743408	0.552655	0.021484	0.000462	39
-0.745426	0.555660	0.056641	0.003208	33
-0.749486	0.561729	0.019531	0.000381	55
-0.745987	0.556497	0.019531	0.000381	69
-0.750581	0.563371	0.015625	0.000244	33
-0.752630	0.566451	0.000000	0.000000	44
-0.745399	0.555620	0.027344	0.000748	44
-0.737776	0.544314	0.078125	0.006104	37
-0.747875	0.559317	0.003906	0.000015	57
-0.749211	0.561317	0.044922	0.002018	37
-0.740639	0.548547	0.011719	0.000137	56
-0.742992	0.552038	0.015625	0.000244	46
-0.754932	0.569922	0.041016	0.001682	43
-0.737700	0.544201	0.003906	0.000015	37
-0.735374	0.540775	0.000000	0.000000	55
-0.747372	0.558565	0.005859	0.000034	36
-0.751316	0.564476	0.025391	0.000645	47
-0.753820	0.568244	0.005859	0.000034	52
-0.741481	0.549794	0.025391	0.000645	38
-0.746154	0.556745	0.019531	0.000381	34
-0.748010	0.559520	0.001953	0.000004	41
-0.740841	0.548846	0.035156	0.001236	41
-0.749138	0.561207	0.039062	0.001526	77
-0.752448	0.566178	0.029297	0.000858	31
-0.745886	0.556346	0.068359	0.004673	51
-0.739718	0.547183	0.015625	0.000244	51
-0.745047	0.555095	0.001953	0.000004	48
-0.752840	0.566769	0.009766	0.000095	39
-0.746757	0.557646	0.027344	0.000748	45
-0.752431	0.566152	0.019531	0.000381	46
-0.738506	0.545391	0.011719	0.000137	43
-0.750120	0.562681	0.046875	0.002197	63
-0.746779	0.557678	0.027344	0.000748	38
-0.752925	0.566896	0.001953	0.000004	40
-0.745835	0.556269	0.041016	0.001682	34
-0.744848	0.554799	0.007812	0.000061	51
-0.743017	0.552075	0.033203	0.001102	43
-0.734656	0.539720	0.015625	0.000244	35
-0.742839	0.551809	0.087891	0.007725	56
-0.747566	0.558855	0.050781	0.002579	37
-0.735034	0.540275	0.023438	0.000549	43
-0.745636	0.555973	0.054688	0.002991	57
-0.737022	0.543202	0.015625	0.000244	41
-0.739506	0.546869	0.041016	0.001682	51
-0.738295	0.545080	0.011719	0.000137	49
-0.751138	0.564209	0.023438	0.000549	40
-0.746065	0.556613	0.021484	0.000462	42
-0.743465	0.552740	0.005859	0.000034	28
-0.737257	0.543548	0.005859	0.000034	61
-0.749066	0.561100	0.027344	0.000748	37
-0.744806	0.554736	0.064453	0.004154	42
-0.742288	0.550992	0.082031	0.006729	47
-0.748184	0.559780	0.003906	0.000015	50
-0.746325	0.557000	0.009766	0.000095	65
-0.762558	0.581495	0.021484	0.000462	49
-0.728025	0.530021	0.007812	0.000061	31
-0.756038	0.571593	0.013672	0.000187	35
-0.750441	0.563162	0.042969	0.001846	42
-0.747754	0.559136	0.023438	0.000549	34
-0.745116	0.555198	0.017578	0.000309	38
-0.741322	0.549559	0.033203	0.001102	54
-0.741159	0.549317	0.025391	0.000645	43
-0.737166	0.543414	0.005859	0.000034	45
-0.737486	0.543886	0.060547	0.003666	70
-0.739742	0.547218	0.005859	0.000034	38
-0.756047	0.571606	0.003906	0.000015	78
-0.741265	0.549475	0.033203	0.001102	39
-0.746775	0.557674	0.056641	0.003208	45
-0.739284	0.546540	0.001953	0.000004	38
-0.744735	0.554630	0.027344	0.000748	52
-0.748171	0.559759	0.011719	0.000137	34
-0.737580	0.544024	0.011719	0.000137	54
-0.738142	0.544854	0.013672	0.000187	28
-0.744206	0.553842	0.025391	0.000645	45
-0.745608	0.555931	0.015625	0.000244	45
-0.746853	0.557790	0.054688	0.002991	52
-0.738054	0.544724	0.003906	0.000015	61
-0.741907	0.550426	0.042969	0.001846	54
-0.748626	0.560441	0.046875	0.002197	35
-0.750933	0.563900	0.001953	0.000004	49
-0.752651	0.566483	0.021484	0.000462	47
-0.748372	0.560061	0.011719	0.000137	35
-0.741001	0.549082	0.025391	0.000645	45
-0.753357	0.567546	0.011719	0.000137	36
-0.747088	0.558141	0.000000	0.000000	34
-0.742507	0.551316	0.007812	0.000061	56
-0.743152	0.552275	0.019531	0.000381	34
-0.740011	0.547616	0.066406	0.004410	53
-0.749006	0.561010	0.003906	0.000015	39
-0.757901	0.574415	0.037109	0.001377	40
-0.744487	0.554261	0.003906	0.000015	55
-0.741029	0.549124	0.011719	0.000137	32
-0.747180	0.558278	0.029297	0.000858	39
-0.735709	0.541267	0.044922	0.002018	38
-0.744983	0.554999	0.025391	0.000645	42
-0.746759	0.557649	0.000000	0.000000	42
-0.746542	0.557324	0.017578	0.000309	44
-0.741900	0.550415	0.015625	0.000244	47
-0.744001	0.553538	0.019531	0.000381	37
-0.750395	0.563093	0.060547	0.003666	54
-0.741053	0.549160	0.048828	0.002384	48
-0.747982	0.559477	0.017578	0.000309	38
-0.748296	0.559947	0.056641	0.003208	41
-0.753264	0.567407	0.048828	0.002384	32
-0.741123	0.549263	0.027344	0.000748	47
-0.745278	0.555439	0.039062	0.001526	41
-0.746998	0.558007	0.029297	0.000858	39
-0.739259	0.546504	0.035156	0.001236	42
-0.738216	0.544964	0.011719	0.000137	46
-0.753542	0.567826	0.011719	0.000137	46
-0.741093	0.549220	0.027344	0.000748	49
-0.746405	0.557120	0.033203	0.001102	48
-0.751306	0.564460	0.041016	0.001682	41
-0.742571	0.551412	0.003906	0.000015	64
-0.741896	0.550409	0.076172	0.005802	33
-0.736692	0.542715	0.007812	0.000061	42
-0.746355	0.557046	0.037109	0.001377	32
-0.749052	0.561079	0.021484	0.000462	37
-0.741189	0.549362	0.037109	0.001377	35
-0.741110	0.549244	0.037109	0.001377	44
-0.749512	0.561768	0.062500	0.003906	38
-0.750112	0.562668	0.027344	0.000748	40
-0.748408	0.560115	0.062500	0.003906	34
-0.749905	0.562358	0.001953	0.000004	44
-0.758816	0.575802	0.005859	0.000034	32
-0.747290	0.558443	0.023438	0.000549	57
-0.737610	0.544068	0.011719	0.000137	44
-0.743881	0.553360	0.011719	0.000137	26
-0.737732	0.544248	0.013672	0.000187	42
-0.742634	0.551505	0.017578	0.000309	41
-0.735328	0.540707	0.046875	0.002197	48
-0.740536	0.548394	0.011719	0.000137	43
-0.742145	0.550779	0.035156	0.001236	36
-0.744793	0.554716	0.003906	0.000015	40
-0.748713	0.560571	0.054688	0.002991	67
-0.744790	0.554711	0.021484	0.000462	30
-0.742091	0.550699	0.037109	0.001377	52
-0.751079	0.564119	0.013672	0.000187	36
-0.745484	0.555746	0.054688	0.002991	47
-0.744085	0.553662	0.089844	0.008072	66
-0.754978	0.569991	0.027344	0.000748	42
-0.739749	0.547228	0.015625	0.000244	38
-0.743327	0.552535	0.001953	0.000004	64
-0.748243	0.559867	0.035156	0.001236	76
-0.743898	0.553384	0.052734	0.002781	30
-0.750002	0.562503	0.013672	0.000187	58
-0.735071	0.540329	0.011719	0.000137	31
-0.755853	0.571313	0.003906	0.000015	37
-0.743654	0.553022	0.000000	0.000000	45
-0.749939	0.562409	0.058594	0.003433	34
-0.756441	0.572203	0.009766	0.000095	33
-0.742028	0.550606	0.058594	0.003433	43
-0.746951	0.557936	0.021484	0.000462	43
-0.740830	0.548828	0.029297	0.000858	51
-0.744688	0.554560	0.017578	0.000309	36
-0.742389	0.551141	0.003906	0.000015	44
-0.739709	0.547169	0.042969	0.001846	49
-0.732198	0.536115	0.013672	0.000187	37
-0.756743	0.572660	0.009766	0.000095	52
-0.745042	0.555087	0.029297	0.000858	38
-0.763718	0.583265	0.007812	0.000061	26
-0.740679	0.548606	0.029297	0.000858	34
-0.750612	0.563418	0.037109	0.001377	69
-0.751211	0.564318	0.025391	0.000645	61
-0.744231	0.553880	0.015625	0.000244	50
-0.739163	0.546362	0.011719	0.000137	44
-0.740628	0.548530	0.050781	0.002579	34
-0.737004	0.543175	0.044922	0.002018	47
-0.747984	0.559481	0.023438	0.000549	59
-0.746801	0.557711	0.041016	0.001682	44
-0.737654	0.544134	0.000000	0.000000	35
-0.749123	0.561186	0.039062	0.001526	50
-0.744200	0.553834	0.007812	0.000061	51
-0.741376	0.549638	0.060547	0.003666	47
-0.747766	0.559154	0.027344	0.000748	49
-0.747295	0.558450	0.023438	0.000549	47
-0.733786	0.538442	0.013672	0.000187	30
-0.748742	0.560614	0.035156	0.001236	60
-0.746714	0.557582	0.064453	0.004154	59
-0.748877	0.560817	0.044922	0.002018	31
-0.741523	0.549857	0.046875	0.002197	31
-0.755169	0.570280	0.001953	0.000004	31
-0.741842	0.550330	0.066406	0.004410	31
-0.739946	0.547520	0.023438	0.000549	50
-0.739726	0.547195	0.029297	0.000858	50
-0.746245	0.556881	0.017578	0.000309	42
-0.733640	0.538228	0.066406	0.004410	67
-0.745159	0.555261	0.050781	0.002579	44
-0.751778	0.565171	0.019531	0.000381	80
-0.737733	0.544250	0.017578	0.000309	33
-0.749367	0.561550	0.029297	0.000858	72
-0.759364	0.576634	0.037109	0.001377	49
-0.742447	0.551227	0.003906	0.000015	38
-0.744913	0.554895	0.019531	0.000381	39
-0.743313	0.552515	0.062500	0.003906	38
-0.739926	0.547491	0.015625	0.000244	71
-0.738092	0.544779	0.039062	0.001526	42
-0.747285	0.558435	0.007812	0.000061	42
-0.744420	0.554161	0.082031	0.006729	36
-0.736256	0.542073	0.031250	0.000977	53
-0.726191	0.527353	0.037109	0.001377	28
-0.748223	0.559837	0.027344	0.000748	34
-0.740225	0.547933	0.011719	0.000137	78
-0.739074	0.546231	0.003906	0.000015	67
