# Energy	Energy^2	Magnetic	Magnet^2	Cycles
-0.724951	0.525554	0.187500	0.035156	28
-0.685992	0.470585	0.250000	0.062500	30
-0.698040	0.487260	0.062500	0.003906	39
-0.741879	0.550385	0.031250	0.000977	71
-0.704006	0.495625	0.156250	0.024414	22
-0.730577	0.533742	0.031250	0.000977	28
-0.707996	0.501259	0.156250	0.024414	28
-0.679754	0.462065	0.062500	0.003906	79
-0.740173	0.547856	0.187500	0.035156	14
-0.695193	0.483293	0.062500	0.003906	18
-0.727158	0.528759	0.093750	0.008789	17
-0.736923	0.543055	0.156250	0.024414	24
-0.704160	0.495842	0.093750	0.008789	18
-0.738463	0.545327	0.156250	0.024414	33
-0.705853	0.498228	0.000000	0.000000	35
-0.733563	0.538115	0.000000	0.000000	41
-0.715381	0.511770	0.343750	0.118164	45
-0.706538	0.499196	0.187500	0.035156	25
-0.749028	0.561043	0.062500	0.003906	43
-0.716202	0.512945	0.156250	0.024414	16
-0.726413	0.527676	0.000000	0.000000	17
-0.666568	0.444312	0.125000	0.015625	33
-0.746925	0.557896	0.125000	0.015625	26
-0.657726	0.432604	0.000000	0.000000	56
-0.703840	0.495390	0.000000	0.000000	32
-0.693223	0.480558	0.062500	0.003906	24
-0.656507	0.431001	0.062500	0.003906	40
-0.785082	0.616353	0.187500	0.035156	35
-0.684940	0.469143	0.031250	0.000977	18
-0.741629	0.550014	0.062500	0.003906	29
-0.718956	0.516898	0.062500	0.003906	24
-0.673228	0.453235	0.218750	0.047852	37
-0.709116	0.502846	0.093750	0.008789	22
-0.779590	0.607761	0.093750	0.008789	28
-0.698383	0.487739	0.031250	0.000977	27
-0.636999	0.405768	0.156250	0.024414	41
-0.738625	0.545566	0.062500	0.003906	25
-0.672830	0.452700	0.031250	0.000977	36
-0.726018	0.527103	0.093750	0.008789	26
-0.686358	0.471088	0.031250	0.000977	32
-0.682188	0.465381	0.062500	0.003906	26
-0.699244	0.488942	0.062500	0.003906	45
-0.745348	0.555543	0.031250	0.000977	31
-0.697194	0.486079	0.062500	0.003906	52
-0.700710	0.490994	0.031250	0.000977	18
-0.666699	0.444487	0.031250	0.000977	18
-0.661045	0.436980	0.031250	0.000977	22
-0.639002	0.408324	0.000000	0.000000	16
-0.697142	0.486007	0.062500	0.003906	41
-0.738090	0.544777	0.062500	0.003906	36
-0.684092	0.467982	0.093750	0.008789	29
-0.765888	0.586584	0.062500	0.003906	30
-0.754054	0.568597	0.093750	0.008789	38
-0.693283	0.480641	0.000000	0.000000	44
-0.752535	0.566309	0.093750	0.008789	29
-0.763175	0.582436	0.093750	0.008789	24
-0.704903	0.496888	0.062500	0.003906	24
-0.727906	0.529847	0.093750	0.008789	23
-0.671974	0.451549	0.000000	0.000000	33
-0.735603	0.541111	0.156250	0.024414	22
-0.684471	0.468500	0.187500	0.035156	21
-0.689858	0.475904	0.031250	0.000977	53
-0.721312	0.520291	0.031250	0.000977	23
-0.684156	0.468069	0.156250	0.024414	21
-0.694241	0.481971	0.093750	0.008789	28
-0.661238	0.437235	0.062500	0.003906	57
-0.712979	0.508340	0.125000	0.015625	34
-0.717014	0.514109	0.062500	0.003906	23
-0.737609	0.544067	0.218750	0.047852	31
-0.664226	0.441196	0.093750	0.008789	28
-0.726871	0.528341	0.000000	0.000000	21
-0.708181	0.501521	0.093750	0.008789	52
-0.643718	0.414373	0.093750	0.008789	21
-0.764332	0.584203	0.250000	0.062500	46
-0.726235	0.527417	0.093750	0.008789	29
-0.695299	0.483440	0.093750	0.008789	27
-0.710614	0.504973	0.187500	0.035156	23
-0.758325	0.575056	0.062500	0.003906	26
-0.715288	0.511637	0.093750	0.008789	55
-0.701032	0.491446	0.187500	0.035156	35
-0.744009	0.553549	0.000000	0.000000	34
-0.703911	0.495490	0.093750	0.008789	26
-0.684996	0.469220	0.062500	0.003906	52
-0.697618	0.486671	0.031250	0.000977	20
-0.712379	0.507483	0.156250	0.024414	46
-0.745519	0.555799	0.031250	0.000977	28
-0.759407	0.576699	0.218750	0.047852	16
-0.713935	0.509703	0.125000	0.015625	31
-0.735527	0.541000	0.031250	0.000977	50
-0.725165	0.525865	0.031250	0.000977	27
-0.698142	0.487402	0.093750	0.008789	22
-0.735493	0.540949	0.187500	0.035156	57
-0.738408	0.545247	0.156250	0.024414	41
-0.718038	0.515578	0.062500	0.003906	48
-0.746596	0.557405	0.031250	0.000977	43
-0.667938	0.446141	0.125000	0.015625	26
-0.707614	0.500718	0.156250	0.024414	32
-0.719640	0.517881	0.187500	0.035156	58
-0.697845	0.486987	0.187500	0.035156	42
-0.702924	0.494102	0.031250	0.000977	32
-0.716774	0.513765	0.156250	0.024414	48
-0.703852	0.495408	0.125000	0.015625	27
-0.784756	0.615843	0.343750	0.118164	21
-0.723960	0.524118	0.093750	0.008789	31
-0.704981	0.496998	0.000000	0.000000	28
-0.726548	0.527872	0.093750	0.008789	44
-0.712260	0.507314	0.156250	0.024414	25
-0.741814	0.550288	0.031250	0.000977	20
-0.681265	0.464121	0.031250	0.000977	30
-0.715770	0.512327	0.312500	0.097656	31
-0.723761	0.523830	0.000000	0.000000	23
-0.665778	0.443261	0.062500	0.003906	27
-0.725559	0.526436	0.062500	0.003906	24
-0.685674	0.470149	0.062500	0.003906	40
-0.698840	0.488378	0.093750	0.008789	33
-0.681841	0.464907	0.000000	0.000000	26
-0.722303	0.521721	0.062500	0.003906	21
-0.722708	0.522306	0.156250	0.024414	17
-0.684657	0.468755	0.156250	0.024414	23
-0.686372	0.471106	0.062500	0.003906	36
-0.692744	0.479895	0.125000	0.015625	39
-0.670670	0.449798	0.125000	0.015625	38
-0.724627	0.525084	0.093750	0.008789	39
-0.674411	0.454830	0.156250	0.024414	52
-0.658947	0.434211	0.062500	0.003906	25
-0.685893	0.470449	0.062500	0.003906	30
-0.759075	0.576195	0.156250	0.024414	29
-0.832739	0.693454	0.062500	0.003906	32
-0.645465	0.416626	0.000000	0.000000	45
-0.742003	0.550568	0.125000	0.015625	47
-0.670634	0.449750	0.031250	0.000977	44
-0.702019	0.492831	0.093750	0.008789	22
-0.712679	0.507911	0.062500	0.003906	21
-0.691485	0.478151	0.031250	0.000977	37
-0.760821	0.578849	0.031250	0.000977	31
-0.728756	0.531085	0.062500	0.003906	23
-0.703291	0.494619	0.093750	0.008789	30
-0.702103	0.492949	0.093750	0.008789	45
-0.708510	0.501987	0.156250	0.024414	26
-0.718221	0.515842	0.062500	0.003906	27
-0.697845	0.486987	0.125000	0.015625	37
-0.668657	0.447102	0.000000	0.000000	33
-0.705654	0.497948	0.187500	0.035156	33
-0.680825	0.463523	0.125000	0.015625	26
-0.723579	0.523567	0.000000	0.000000	36
-0.661871	0.438074	0.312500	0.097656	28
-0.742498	0.551304	0.093750	0.008789	34
-0.731812	0.535549	0.031250	0.000977	58
-0.804195	0.646730	0.062500	0.003906	32
-0.697870	0.487023	0.125000	0.015625	36
-0.718953	0.516894	0.125000	0.015625	32
-0.701094	0.491532	0.000000	0.000000	28
-0.721468	0.520516	0.187500	0.035156	43
-0.684948	0.469153	0.125000	0.015625	35
-0.684731	0.468857	0.000000	0.000000	34
-0.689041	0.474777	0.062500	0.003906	35
-0.758302	0.575021	0.156250	0.024414	26
-0.668250	0.446558	0.156250	0.024414	51
-0.729549	0.532242	0.218750	0.047852	76
-0.701472	0.492064	0.187500	0.035156	42
-0.718743	0.516591	0.250000	0.062500	21
-0.688293	0.473748	0.218750	0.047852	34
-0.719833	0.518160	0.000000	0.000000	20
-0.697663	0.486734	0.156250	0.024414	23
-0.703417	0.494796	0.250000	0.062500	28
-0.663947	0.440826	0.031250	0.000977	32
-0.689352	0.475207	0.093750	0.008789	29
-0.668735	0.447207	0.062500	0.003906	24
-0.724748	0.525259	0.093750	0.008789	35
-0.702606	0.493655	0.031250	0.000977	31
-0.744077	0.553650	0.062500	0.003906	35
-0.662848	0.439367	0.093750	0.008789	84
-0.727887	0.529820	0.218750	0.047852	25
-0.740303	0.548048	0.187500	0.035156	30
-0.703666	0.495145	0.062500	0.003906	27
-0.721043	0.519903	0.093750	0.008789	36
-0.706620	0.499311	0.218750	0.047852	40
-0.693142	0.480445	0.125000	0.015625	32
-0.667915	0.446111	0.218750	0.047852	28
-0.696593	0.485242	0.375000	0.140625	29
-0.694301	0.482054	0.031250	0.000977	17
-0.705804	0.498159	0.031250	0.000977	46
-0.743860	0.553327	0.125000	0.015625	27
-0.776838	0.603477	0.250000	0.062500	15
-0.706212	0.498735	0.156250	0.024414	26
-0.730204	0.533198	0.031250	0.000977	35
-0.742031	0.550610	0.093750	0.008789	33
-0.665205	0.442497	0.062500	0.003906	41
-0.757582	0.573931	0.125000	0.015625	20
-0.774790	0.600299	0.093750	0.008789	28
-0.698350	0.487692	0.062500	0.003906	28
-0.746939	0.557918	0.062500	0.003906	25
-0.628746	0.395321	0.062500	0.003906	32
-0.672602	0.452393	0.062500	0.003906	19
-0.724698	0.525187	0.031250	0.000977	37
-0.725137	0.525823	0.062500	0.003906	39
-0.696137	0.484607	0.062500	0.003906	29
-0.677628	0.459180	0.187500	0.035156	29
-0.746463	0.557207	0.031250	0.000977	36
-0.710850	0.505308	0.000000	0.000000	47
-0.706910	0.499722	0.125000	0.015625	75
-0.647726	0.419549	0.062500	0.003906	30
-0.666669	0.444448	0.125000	0.015625	28
-0.737203	0.543468	0.000000	0.000000	35
-0.706972	0.499809	0.093750	0.008789	34
-0.697880	0.487037	0.187500	0.035156	38
-0.750987	0.563982	0.125000	0.015625	32
-0.718932	0.516863	0.156250	0.024414	51
-0.729495	0.532163	0.156250	0.024414	26
-0.728836	0.531202	0.281250	0.079102	22
-0.698772	0.488282	0.031250	0.000977	32
-0.704689	0.496586	0.281250	0.079102	23
-0.666380	0.444063	0.031250	0.000977	65
-0.693938	0.481550	0.000000	0.000000	39
-0.742466	0.551256	0.062500	0.003906	23
-0.761800	0.580340	0.031250	0.000977	31
-0.734735	0.539835	0.062500	0.003906	25
-0.688855	0.474521	0.218750	0.047852	21
-0.715675	0.512190	0.218750	0.047852	33
-0.731209	0.534667	0.031250	0.000977	23
-0.689666	0.475639	0.062500	0.003906	22
-0.675466	0.456255	0.062500	0.003906	23
-0.655264	0.429372	0.000000	0.000000	70
-0.666261	0.443904	0.125000	0.015625	28
-0.696709	0.485403	0.062500	0.003906	32
-0.721441	0.520477	0.031250	0.000977	25
-0.687435	0.472567	0.125000	0.015625	21
-0.707469	0.500513	0.031250	0.000977	36
-0.673237	0.453248	0.187500	0.035156	26
-0.688741	0.474364	0.031250	0.000977	34
-0.721594	0.520698	0.062500	0.003906	40
-0.722377	0.521828	0.031250	0.000977	35
-0.719927	0.518295	0.031250	0.000977	22
-0.658934	0.434194	0.000000	0.000000	27
-0.664553	0.441630	0.125000	0.015625	24
-0.695353	0.483516	0.125000	0.015625	54
-0.670243	0.449225	0.093750	0.008789	36
-0.703560	0.494997	0.187500	0.035156	28
-0.701061	0.491486	0.156250	0.024414	22
-0.733860	0.538551	0.125000	0.015625	40
-0.711729	0.506558	0.093750	0.008789	17
-0.672820	0.452687	0.000000	0.000000	17
-0.711280	0.505919	0.218750	0.047852	41
-0.746853	0.557789	0.031250	0.000977	34
-0.746338	0.557020	0.156250	0.024414	29
-0.765584	0.586118	0.093750	0.008789	18
-0.720604	0.519270	0.031250	0.000977	31
-0.714515	0.510532	0.000000	0.000000	37
-0.675759	0.456650	0.031250	0.000977	32
-0.676919	0.458219	0.031250	0.000977	26
-0.708585	0.502093	0.187500	0.035156	18
-0.694030	0.481678	0.156250	0.024414	23
-0.737974	0.544606	0.125000	0.015625	23
-0.724197	0.524461	0.125000	0.015625	29
-0.707070	0.499947	0.125000	0.015625	26
-0.729253	0.531810	0.281250	0.079102	45
-0.731879	0.535648	0.062500	0.003906	34
-0.705791	0.498141	0.250000	0.062500	39
-0.729716	0.532486	0.031250	0.000977	38
-0.680497	0.463077	0.031250	0.000977	38
-0.696857	0.485610	0.062500	0.003906	31
-0.680082	0.462512	0.093750	0.008789	43
-0.742606	0.551464	0.125000	0.015625	25
-0.660335	0.436042	0.125000	0.015625	23
-0.711286	0.505928	0.093750	0.008789	43
-0.715451	0.511871	0.062500	0.003906	24
-0.707248	0.500200	0.031250	0.000977	30
-0.667952	0.446160	0.062500	0.003906	34
-0.741768	0.550220	0.093750	0.008789	30
-0.698780	0.488293	0.156250	0.024414	23
-0.722840	0.522498	0.062500	0.003906	28
-0.734918	0.540104	0.000000	0.000000	30
-0.732143	0.536033	0.000000	0.000000	27
-0.683978	0.467826	0.031250	0.000977	35
-0.753473	0.567721	0.093750	0.008789	22
-0.690381	0.476626	0.125000	0.015625	30
-0.744743	0.554642	0.031250	0.000977	34
-0.712000	0.506943	0.093750	0.008789	36
-0.698650	0.488111	0.125000	0.015625	55
-0.717899	0.515379	0.031250	0.000977	26
-0.687264	0.472331	0.156250	0.024414	38
-0.663741	0.440553	0.187500	0.035156	43
-0.687227	0.472281	0.031250	0.000977	31
-0.720378	0.518945	0.000000	0.000000	19
-0.730193	0.533181	0.062500	0.003906	30
-0.712646	0.507864	0.125000	0.015625	36
-0.701664	0.492332	0.031250	0.000977	40
-0.758423	0.575206	0.218750	0.047852	35
-0.685244	0.469559	0.031250	0.000977	31
-0.690966	0.477435	0.187500	0.035156	49
-0.710377	0.504636	0.156250	0.024414	23
-0.702031	0.492847	0.031250	0.000977	28
-0.701904	0.492670	0.093750	0.008789	19
-0.678176	0.459923	0.093750	0.008789	17
-0.666255	0.443896	0.031250	0.000977	27
-0.685749	0.470251	0.125000	0.015625	46
-0.657273	0.432008	0.062500	0.003906	33
-0.729116	0.531610	0.000000	0.000000	25
-0.696384	0.484951	0.031250	0.000977	26
-0.669421	0.448125	0.218750	0.047852	39
-0.705515	0.497751	0.031250	0.000977	24
-0.714075	0.509903	0.062500	0.003906	21
-0.721179	0.520099	0.062500	0.003906	25
-0.686830	0.471736	0.062500	0.003906	24
-0.683573	0.467272	0.031250	0.000977	37
-0.741068	0.549182	0.218750	0.047852	22
-0.669983	0.448877	0.031250	0.000977	23
-0.705340	0.497504	0.062500	0.003906	26
-0.715817	0.512394	0.312500	0.097656	28
-0.678805	0.460776	0.093750	0.008789	20
-0.736634	0.542630	0.062500	0.003906	28
-0.680434	0.462991	0.156250	0.024414	26
-0.706816	0.499588	0.156250	0.024414	28
-0.668403	0.446762	0.093750	0.008789	26
-0.759926	0.577488	0.031250	0.000977	34
-0.739926	0.547491	0.062500	0.003906	28
-0.814848	0.663978	0.125000	0.015625	28
-0.679813	0.462146	0.312500	0.097656	29
-0.744309	0.553996	0.093750	0.008789	32
-0.759332	0.576585	0.093750	0.008789	33
-0.709411	0.503264	0.093750	0.008789	27
-0.712136	0.507138	0.125000	0.015625	42
-0.665001	0.442226	0.000000	0.000000	20
-0.690323	0.476545	0.062500	0.003906	55
-0.682184	0.465374	0.125000	0.015625	35
-0.750933	0.563900	0.093750	0.008789	22
-0.740648	0.548559	0.125000	0.015625	28
-0.686097	0.470729	0.093750	0.008789	31
-0.725789	0.526770	0.250000	0.062500	44
-0.707627	0.500736	0.187500	0.035156	59
-0.726670	0.528050	0.093750	0.008789	32
-0.708610	0.502129	0.093750	0.008789	26
-0.782771	0.612731	0.093750	0.008789	22
-0.699371	0.489120	0.000000	0.000000	35
-0.659518	0.434964	0.062500	0.003906	28
-0.714574	0.510617	0.000000	0.000000	32
-0.720847	0.519621	0.062500	0.003906	23
-0.718395	0.516091	0.093750	0.008789	28
-0.681475	0.464408	0.093750	0.008789	33
-0.679054	0.461115	0.125000	0.015625	70
-0.750772	0.563659	0.156250	0.024414	32
-0.679625	0.461889	0.156250	0.024414	51
-0.764372	0.584264	0.000000	0.000000	16
-0.761513	0.579903	0.093750	0.008789	16
-0.702502	0.493509	0.062500	0.003906	30
-0.722047	0.521352	0.312500	0.097656	22
-0.804202	0.646741	0.031250	0.000977	30
-0.722189	0.521557	0.031250	0.000977	39
-0.701356	0.491900	0.031250	0.000977	31
-0.714321	0.510255	0.000000	0.000000	29
-0.709393	0.503238	0.062500	0.003906	49
-0.698861	0.488407	0.156250	0.024414	26
-0.733295	0.537721	0.062500	0.003906	18
-0.719436	0.517588	0.031250	0.000977	20
-0.813236	0.661353	0.156250	0.024414	21
-0.654931	0.428935	0.062500	0.003906	20
-0.654339	0.428159	0.093750	0.008789	34
-0.706517	0.499166	0.312500	0.097656	38
-0.728294	0.530412	0.250000	0.062500	45
-0.684236	0.468178	0.062500	0.003906	45
-0.720692	0.519397	0.093750	0.008789	29
-0.772754	0.597149	0.000000	0.000000	38
-0.717195	0.514368	0.156250	0.024414	51
-0.693460	0.480887	0.093750	0.008789	29
-0.715508	0.511952	0.156250	0.024414	24
-0.657086	0.431762	0.281250	0.079102	46
-0.715759	0.512311	0.031250	0.000977	39
-0.703742	0.495253	0.000000	0.000000	70
-0.723922	0.524062	0.125000	0.015625	36
-0.724609	0.525058	0.125000	0.015625	26
-0.701912	0.492681	0.031250	0.000977	60
-0.724218	0.524491	0.250000	0.062500	52
-0.696081	0.484529	0.156250	0.024414	42
-0.717525	0.514841	0.093750	0.008789	29
-0.624595	0.390119	0.093750	0.008789	33
-0.734249	0.539122	0.218750	0.047852	21
-0.711637	0.506427	0.062500	0.003906	19
-0.733880	0.538579	0.125000	0.015625	31
-0.665956	0.443498	0.000000	0.000000	17
-0.714556	0.510590	0.062500	0.003906	50
-0.683065	0.466578	0.062500	0.003906	55
-0.653789	0.427440	0.062500	0.003906	36
-0.701186	0.491662	0.031250	0.000977	47
-0.729419	0.532051	0.187500	0.035156	44
-0.706285	0.498839	0.062500	0.003906	26
-0.725774	0.526748	0.093750	0.008789	42
-0.669278	0.447932	0.312500	0.097656	36
-0.685518	0.469935	0.031250	0.000977	18
-0.771373	0.595017	0.125000	0.015625	14
-0.691320	0.477923	0.031250	0.000977	25
-0.736042	0.541758	0.062500	0.003906	51
-0.669091	0.447682	0.031250	0.000977	22
-0.710433	0.504715	0.031250	0.000977	44
-0.735187	0.540500	0.031250	0.000977	33
-0.742869	0.551854	0.031250	0.000977	26
-0.675847	0.456769	0.156250	0.024414	46
-0.732111	0.535987	0.093750	0.008789	15
-0.699967	0.489953	0.125000	0.015625	30
-0.715412	0.511814	0.125000	0.015625	31
-0.758678	0.575592	0.406250	0.165039	26
-0.709841	0.503874	0.031250	0.000977	38
-0.764342	0.584218	0.093750	0.008789	39
-0.688285	0.473736	0.000000	0.000000	34
-0.762405	0.581261	0.125000	0.015625	57
-0.673500	0.453602	0.093750	0.008789	32
-0.682821	0.466245	0.062500	0.003906	19
-0.739442	0.546775	0.187500	0.035156	32
-0.718527	0.516281	0.343750	0.118164	38
-0.714944	0.511146	0.093750	0.008789	32
-0.733057	0.537373	0.093750	0.008789	31
-0.682877	0.466321	0.031250	0.000977	32
-0.725469	0.526305	0.093750	0.008789	48
-0.727892	0.529827	0.062500	0.003906	20
-0.685349	0.469703	0.125000	0.015625	27
-0.712132	0.507131	0.062500	0.003906	30
-0.686482	0.471257	0.125000	0.015625	24
-0.685863	0.470408	0.093750	0.008789	29
-0.731845	0.535598	0.281250	0.079102	50
-0.741369	0.549629	0.125000	0.015625	30
-0.751293	0.564441	0.062500	0.003906	28
-0.674848	0.455420	0.156250	0.024414	43
-0.756014	0.571557	0.062500	0.003906	21
-0.727410	0.529125	0.093750	0.008789	43
-0.756046	0.571605	0.031250	0.000977	18
-0.713557	0.509164	0.093750	0.008789	26
-0.664418	0.441451	0.000000	0.000000	43
-0.720725	0.519444	0.093750	0.008789	31
-0.754183	0.568792	0.218750	0.047852	49
-0.719959	0.518341	0.156250	0.024414	29
-0.680343	0.462866	0.000000	0.000000	30
-0.675596	0.456430	0.218750	0.047852	19
-0.703246	0.494555	0.062500	0.003906	31
-0.664952	0.442161	0.156250	0.024414	39
-0.718569	0.516341	0.062500	0.003906	23
-0.706683	0.499401	0.031250	0.000977	19
-0.696428	0.485012	0.125000	0.015625	51
-0.624478	0.389973	0.062500	0.003906	24
-0.676808	0.458069	0.062500	0.003906	25
-0.724770	0.525292	0.093750	0.008789	14
-0.700902	0.491264	0.125000	0.015625	26
-0.753546	0.567832	0.093750	0.008789	37
-0.707834	0.501029	0.187500	0.035156	35
-0.747302	0.558460	0.093750	0.008789	32
-0.726952	0.528459	0.125000	0.015625	17
-0.680847	0.463553	0.093750	0.008789	17
-0.709264	0.503055	0.218750	0.047852	31
-0.701846	0.492587	0.093750	0.008789	17
-0.734197	0.539045	0.031250	0.000977	22
-0.733226	0.537620	0.125000	0.015625	37
-0.688574	0.474134	0.031250	0.000977	35
-0.704379	0.496149	0.000000	0.000000	30
-0.767455	0.588987	0.031250	0.000977	21
-0.754619	0.569450	0.000000	0.000000	35
-0.683165	0.466715	0.062500	0.003906	23
-0.712609	0.507812	0.000000	0.000000	49
-0.688938	0.474635	0.250000	0.062500	19
-0.692766	0.479925	0.062500	0.003906	52
-0.741407	0.549684	0.031250	0.000977	31
-0.681685	0.464694	0.000000	0.000000	45
-0.705536	0.497782	0.062500	0.003906	25
-0.732315	0.536286	0.062500	0.003906	33
-0.736768	0.542827	0.187500	0.035156	38
-0.718305	0.515961	0.031250	0.000977	34
-0.697598	0.486643	0.156250	0.024414	35
-0.692879	0.480082	0.093750	0.008789	32
-0.694512	0.482346	0.156250	0.024414	52
-0.744896	0.554869	0.031250	0.000977	32
-0.678584	0.460476	0.093750	0.008789	34
-0.757034	0.573100	0.031250	0.000977	38
-0.649520	0.421876	0.031250	0.000977	27
-0.655214	0.429306	0.218750	0.047852	23
-0.727172	0.528780	0.093750	0.008789	47
-0.671694	0.451172	0.031250	0.000977	27
-0.724365	0.524705	0.093750	0.008789	34
-0.680372	0.462906	0.062500	0.003906	52
-0.737486	0.543886	0.187500	0.035156	18
-0.702554	0.493582	0.000000	0.000000	28
-0.721275	0.520237	0.093750	0.008789	35
-0.668736	0.447208	0.000000	0.000000	34
-0.715070	0.511326	0.062500	0.003906	21
-0.686046	0.470659	0.156250	0.024414	41
-0.694830	0.482789	0.062500	0.003906	58
-0.697088	0.485932	0.000000	0.000000	37
-0.698676	0.488148	0.312500	0.097656	20
-0.702302	0.493229	0.000000	0.000000	44
-0.730242	0.533253	0.031250	0.000977	26
-0.666285	0.443936	0.000000	0.000000	31
-0.693125	0.480423	0.312500	0.097656	49
-0.719011	0.516976	0.156250	0.024414	27
-0.663869	0.440722	0.062500	0.003906	50
-0.707723	0.500871	0.218750	0.047852	28
-0.706860	0.499652	0.125000	0.015625	29
-0.727308	0.528977	0.281250	0.079102	43
-0.717238	0.514431	0.031250	0.000977	33
-0.712563	0.507746	0.093750	0.008789	27
-0.717382	0.514637	0.093750	0.008789	18
-0.697133	0.485994	0.375000	0.140625	32
-0.703046	0.494273	0.000000	0.000000	33
-0.693487	0.480924	0.156250	0.024414	29
-0.709442	0.503308	0.093750	0.008789	47
-0.704844	0.496805	0.187500	0.035156	28
-0.685260	0.469582	0.281250	0.079102	20
-0.731753	0.535462	0.156250	0.024414	34
-0.682379	0.465641	0.218750	0.047852	30
-0.686774	0.471658	0.125000	0.015625	60
-0.711235	0.505856	0.218750	0.047852	29
-0.657491	0.432294	0.031250	0.000977	18
-0.759445	0.576757	0.062500	0.003906	19
-0.710485	0.504789	0.281250	0.079102	19
-0.732623	0.536737	0.000000	0.000000	22
-0.693229	0.480567	0.031250	0.000977	21
-0.686900	0.471832	0.125000	0.015625	34
-0.664735	0.441873	0.031250	0.000977	20
-0.706829	0.499607	0.000000	0.000000	27
-0.694386	0.482171	0.218750	0.047852	43
-0.729317	0.531904	0.187500	0.035156	48
-0.694725	0.482643	0.156250	0.024414	21
-0.725923	0.526965	0.000000	0.000000	22
-0.690066	0.476191	0.093750	0.008789	27
-0.828133	0.685805	0.093750	0.008789	21
-0.678277	0.460060	0.125000	0.015625	38
-0.683340	0.466953	0.125000	0.015625	27
-0.696111	0.484570	0.125000	0.015625	21
-0.640075	0.409696	0.031250	0.000977	44
-0.793459	0.629577	0.031250	0.000977	21
-0.679441	0.461640	0.031250	0.000977	66
-0.693245	0.480589	0.062500	0.003906	32
-0.800087	0.640139	0.062500	0.003906	34
-0.714181	0.510054	0.093750	0.008789	58
-0.749779	0.562168	0.031250	0.000977	71
-0.707125	0.500026	0.062500	0.003906	48
-0.738401	0.545236	0.093750	0.008789	50
-0.748435	0.560154	0.031250	0.000977	29
-0.716088	0.512781	0.031250	0.000977	49
-0.698409	0.487776	0.281250	0.079102	29
-0.724642	0.525106	0.062500	0.003906	27
-0.722937	0.522638	0.093750	0.008789	39
-0.655595	0.429804	0.187500	0.035156	39
-0.720598	0.519261	0.031250	0.000977	40
-0.714028	0.509836	0.156250	0.024414	38
-0.692116	0.479025	0.000000	0.000000	21
-0.662882	0.439413	0.000000	0.000000	29
-0.776070	0.602285	0.062500	0.003906	24
-0.738368	0.545188	0.125000	0.015625	53
-0.673879	0.454113	0.062500	0.003906	33
-0.658392	0.433480	0.218750	0.047852	43
-0.730410	0.533499	0.093750	0.008789	28
-0.736484	0.542408	0.156250	0.024414	26
-0.724968	0.525578	0.156250	0.024414	30
-0.750276	0.562914	0.000000	0.000000	21
-0.777879	0.605095	0.125000	0.015625	29
-0.749927	0.562390	0.125000	0.015625	22
-0.637673	0.406627	0.093750	0.008789	31
-0.664783	0.441936	0.031250	0.000977	25
-0.759370	0.576643	0.093750	0.008789	23
-0.662577	0.439009	0.093750	0.008789	39
-0.691417	0.478057	0.156250	0.024414	33
-0.738038	0.544700	0.125000	0.015625	36
-0.663642	0.440421	0.031250	0.000977	43
-0.662637	0.439088	0.062500	0.003906	35
-0.733399	0.537875	0.156250	0.024414	18
-0.752898	0.566855	0.093750	0.008789	37
-0.673195	0.453192	0.062500	0.003906	33
-0.771500	0.595212	0.093750	0.008789	21
-0.687669	0.472888	0.218750	0.047852	27
-0.677034	0.458375	0.062500	0.003906	22
-0.708353	0.501764	0.062500	0.003906	35
-0.688736	0.474357	0.218750	0.047852	25
-0.711450	0.506162	0.125000	0.015625	23
-0.715526	0.511978	0.250000	0.062500	28
-0.722897	0.522580	0.156250	0.024414	43
-0.760481	0.578331	0.156250	0.024414	35
-0.657600	0.432438	0.062500	0.003906	17
-0.735350	0.540740	0.062500	0.003906	32
-0.652720	0.426044	0.000000	0.000000	97
-0.713096	0.508506	0.093750	0.008789	33
-0.645088	0.416138	0.031250	0.000977	17
-0.713296	0.508791	0.093750	0.008789	34
-0.708875	0.502504	0.125000	0.015625	31
-0.662638	0.439089	0.031250	0.000977	29
-0.700881	0.491234	0.062500	0.003906	29
-0.707402	0.500417	0.062500	0.003906	20
-0.725496	0.526344	0.125000	0.015625	41
-0.736154	0.541922	0.125000	0.015625	41
-0.716327	0.513124	0.250000	0.062500	23
-0.675581	0.456410	0.000000	0.000000	28
-0.680549	0.463148	0.031250	0.000977	26
-0.672898	0.452792	0.218750	0.047852	26
-0.693487	0.480924	0.031250	0.000977	32
-0.731115	0.534529	0.031250	0.000977	35
-0.684062	0.467941	0.125000	0.015625	33
-0.774215	0.599409	0.031250	0.000977	57
-0.689931	0.476005	0.093750	0.008789	22
-0.711014	0.505541	0.062500	0.003906	18
-0.711669	0.506473	0.250000	0.062500	24
-0.662277	0.438611	0.125000	0.015625	16
-0.700945	0.491324	0.031250	0.000977	31
-0.703302	0.494634	0.031250	0.000977	24
-0.716681	0.513632	0.125000	0.015625	27
-0.739365	0.546660	0.187500	0.035156	28
-0.720460	0.519063	0.062500	0.003906	38
-0.715535	0.511990	0.093750	0.008789	43
-0.690712	0.477083	0.218750	0.047852	21
-0.686985	0.471949	0.093750	0.008789	34
-0.782881	0.612903	0.062500	0.003906	23
-0.691363	0.477982	0.125000	0.015625	26
-0.698499	0.487902	0.218750	0.047852	25
-0.719406	0.517544	0.031250	0.000977	26
-0.658909	0.434162	0.250000	0.062500	45
-0.676734	0.457969	0.093750	0.008789	42
-0.657421	0.432203	0.093750	0.008789	31
-0.649332	0.421632	0.093750	0.008789	22
-0.668840	0.447346	0.062500	0.003906	23
-0.716213	0.512961	0.062500	0.003906	25
-0.694366	0.482145	0.031250	0.000977	21
-0.667922	0.446120	0.125000	0.015625	28
-0.717309	0.514532	0.250000	0.062500	49
-0.680881	0.463598	0.062500	0.003906	39
-0.736614	0.542600	0.125000	0.015625	34
-0.696929	0.485710	0.125000	0.015625	25
-0.702885	0.494048	0.062500	0.003906	29
-0.739285	0.546543	0.031250	0.000977	45
-0.689878	0.475931	0.000000	0.000000	27
-0.697153	0.486023	0.000000	0.000000	46
-0.774906	0.600480	0.093750	0.008789	35
-0.741487	0.549803	0.062500	0.003906	36
-0.690095	0.476231	0.125000	0.015625	34
-0.658233	0.433270	0.062500	0.003906	22
-0.709716	0.503697	0.156250	0.024414	20
-0.711932	0.506847	0.062500	0.003906	35
-0.736653	0.542658	0.125000	0.015625	35
-0.752782	0.566681	0.125000	0.015625	19
-0.709982	0.504074	0.093750	0.008789	50
-0.703550	0.494983	0.062500	0.003906	20
-0.737794	0.544340	0.125000	0.015625	41
-0.730871	0.534172	0.093750	0.008789	21
-0.669181	0.447803	0.000000	0.000000	24
-0.732572	0.536662	0.093750	0.008789	26
-0.710423	0.504701	0.281250	0.079102	19
-0.716189	0.512927	0.000000	0.000000	24
-0.735368	0.540765	0.031250	0.000977	30
-0.699703	0.489584	0.031250	0.000977	34
-0.693559	0.481024	0.218750	0.047852	35
-0.715655	0.512161	0.093750	0.008789	21
-0.706585	0.499262	0.000000	0.000000	42
-0.704016	0.495639	0.031250	0.000977	20
-0.739744	0.547222	0.093750	0.008789	25
-0.705326	0.497485	0.218750	0.047852	41
-0.713104	0.508518	0.031250	0.000977	31
-0.732801	0.536998	0.062500	0.003906	50
-0.769821	0.592625	0.125000	0.015625	24
-0.707445	0.500479	0.000000	0.000000	47
-0.688264	0.473708	0.062500	0.003906	35
-0.721468	0.520516	0.062500	0.003906	39
-0.718372	0.516059	0.093750	0.008789	34
-0.694996	0.483020	0.062500	0.003906	21
-0.786275	0.618228	0.031250	0.000977	30
-0.747710	0.559070	0.031250	0.000977	35
-0.722853	0.522517	0.062500	0.003906	19
-0.753955	0.568448	0.125000	0.015625	22
-0.694925	0.482921	0.000000	0.000000	35
-0.714727	0.510835	0.093750	0.008789	25
-0.725497	0.526345	0.218750	0.047852	39
-0.724956	0.525562	0.062500	0.003906	17
-0.748584	0.560379	0.031250	0.000977	29
-0.722259	0.521658	0.062500	0.003906	32
-0.650511	0.423164	0.250000	0.062500	18
-0.758930	0.575974	0.156250	0.024414	19
-0.696578	0.485221	0.125000	0.015625	38
-0.697203	0.486091	0.156250	0.024414	26
-0.755238	0.570385	0.062500	0.003906	17
-0.674600	0.455085	0.156250	0.024414	48
-0.705080	0.497137	0.031250	0.000977	28
-0.742304	0.551015	0.093750	0.008789	29
-0.692329	0.479319	0.000000	0.000000	18
-0.745167	0.555273	0.062500	0.003906	19
-0.728513	0.530732	0.031250	0.000977	21
-0.661928	0.438149	0.031250	0.000977	22
-0.735419	0.540841	0.031250	0.000977	44
-0.765264	0.585628	0.312500	0.097656	20
-0.689772	0.475785	0.187500	0.035156	22
-0.725256	0.525997	0.093750	0.008789	42
-0.709764	0.503765	0.093750	0.008789	14
-0.681893	0.464978	0.156250	0.024414	20
-0.720378	0.518944	0.250000	0.062500	20
-0.655427	0.429585	0.125000	0.015625	31
-0.684644	0.468737	0.125000	0.015625	30
-0.739287	0.546545	0.000000	0.000000	30
-0.681291	0.464157	0.062500	0.003906	34
-0.720934	0.519746	0.031250	0.000977	22
-0.674331	0.454722	0.000000	0.000000	26
-0.650496	0.423145	0.125000	0.015625	28
-0.708366	0.501782	0.187500	0.035156	24
-0.673315	0.453353	0.031250	0.000977	22
-0.743673	0.553049	0.218750	0.047852	19
-0.667976	0.446192	0.187500	0.035156	35
-0.699757	0.489660	0.031250	0.000977	40
-0.683576	0.467276	0.250000	0.062500	30
-0.721491	0.520549	0.250000	0.062500	15
-0.685862	0.470406	0.093750	0.008789	25
-0.744914	0.554897	0.156250	0.024414	29
-0.668475	0.446858	0.218750	0.047852	25
-0.719926	0.518294	0.125000	0.015625	43
-0.731155	0.534587	0.000000	0.000000	22
-0.689656	0.475625	0.281250	0.079102	31
-0.717323	0.514552	0.343750	0.118164	31
-0.700223	0.490312	0.343750	0.118164	59
-0.690915	0.477363	0.156250	0.024414	34
-0.693663	0.481169	0.031250	0.000977	23
-0.667514	0.445574	0.250000	0.062500	27
-0.773298	0.597989	0.062500	0.003906	25
-0.727185	0.528798	0.000000	0.000000	28
-0.703813	0.495353	0.156250	0.024414	36
-0.707025	0.499885	0.156250	0.024414	27
-0.697763	0.486873	0.125000	0.015625	24
-0.728926	0.531333	0.062500	0.003906	16
-0.777418	0.604378	0.062500	0.003906	31
-0.674312	0.454696	0.093750	0.008789	28
-0.721473	0.520523	0.031250	0.000977	30
-0.673974	0.454241	0.062500	0.003906	20
-0.684074	0.467957	0.156250	0.024414	21
-0.722239	0.521629	0.125000	0.015625	23
-0.672198	0.451850	0.062500	0.003906	30
-0.710057	0.504181	0.093750	0.008789	34
-0.715307	0.511664	0.125000	0.015625	49
-0.697281	0.486200	0.093750	0.008789	29
-0.671827	0.451351	0.062500	0.003906	38
-0.697799	0.486923	0.125000	0.015625	26
-0.711475	0.506197	0.093750	0.008789	36
-0.714201	0.510083	0.000000	0.000000	23
-0.689130	0.474900	0.031250	0.000977	43
-0.678078	0.459789	0.000000	0.000000	21
-0.681436	0.464355	0.062500	0.003906	36
-0.766901	0.588138	0.062500	0.003906	32
-0.724463	0.524847	0.156250	0.024414	23
-0.734719	0.539811	0.062500	0.003906	20
-0.689607	0.475558	0.218750	0.047852	53
-0.741019	0.549108	0.093750	0.008789	24
-0.714227	0.510120	0.156250	0.024414	29
-0.709422	0.503280	0.062500	0.003906	27
-0.754469	0.569224	0.218750	0.047852	20
-0.718863	0.516764	0.093750	0.008789	29
-0.728453	0.530644	0.250000	0.062500	49
-0.691250	0.477826	0.031250	0.000977	25
-0.664519	0.441585	0.031250	0.000977	38
-0.714249	0.510151	0.093750	0.008789	37
-0.650174	0.422726	0.218750	0.047852	38
-0.683466	0.467126	0.312500	0.097656	33
-0.717082	0.514207	0.156250	0.024414	25
-0.691065	0.477571	0.093750	0.008789	28
-0.711926	0.506839	0.218750	0.047852	36
-0.733465	0.537972	0.062500	0.003906	17
-0.709319	0.503133	0.218750	0.047852	26
-0.699098	0.488738	0.000000	0.000000	44
-0.707897	0.501119	0.093750	0.008789	40
-0.688940	0.474638	0.031250	0.000977	24
-0.737210	0.543478	0.031250	0.000977	23
-0.698692	0.488170	0.062500	0.003906	38
-0.733587	0.538149	0.187500	0.035156	40
-0.707366	0.500366	0.000000	0.000000	19
-0.699916	0.489883	0.375000	0.140625	20
-0.740019	0.547628	0.031250	0.000977	29
-0.706844	0.499629	0.125000	0.015625	28
-0.703915	0.495496	0.031250	0.000977	20
-0.698656	0.488120	0.125000	0.015625	27
-0.745795	0.556210	0.093750	0.008789	23
-0.728941	0.531355	0.093750	0.008789	33
-0.665373	0.442722	0.062500	0.003906	26
-0.729014	0.531461	0.031250	0.000977	24
-0.656692	0.431245	0.000000	0.000000	31
-0.713868	0.509608	0.093750	0.008789	29
-0.692234	0.479187	0.000000	0.000000	24
-0.716264	0.513033	0.187500	0.035156	21
-0.695824	0.484172	0.062500	0.003906	22
-0.746722	0.557594	0.187500	0.035156	28
-0.704024	0.495650	0.156250	0.024414	20
-0.716811	0.513818	0.125000	0.015625	27
-0.774128	0.599274	0.062500	0.003906	41
-0.819761	0.672009	0.000000	0.000000	15
-0.656887	0.431501	0.000000	0.000000	12
-0.687345	0.472443	0.062500	0.003906	28
-0.723821	0.523917	0.062500	0.003906	39
-0.693076	0.480355	0.031250	0.000977	28
-0.652723	0.426048	0.062500	0.003906	46
-0.685617	0.470070	0.062500	0.003906	17
-0.691703	0.478453	0.125000	0.015625	44
-0.648129	0.420071	0.000000	0.000000	24
-0.707739	0.500894	0.156250	0.024414	17
-0.679817	0.462151	0.187500	0.035156	19
-0.714707	0.510806	0.156250	0.024414	44
-0.704452	0.496253	0.125000	0.015625	24
-0.712199	0.507227	0.125000	0.015625	22
-0.691048	0.477548	0.031250	0.000977	18
-0.719430	0.517579	0.031250	0.000977	35
-0.738024	0.544680	0.031250	0.000977	35
-0.707786	0.500961	0.031250	0.000977	49
-0.696858	0.485611	0.093750	0.008789	48
-0.705543	0.497791	0.093750	0.008789	47
-0.687400	0.472519	0.031250	0.000977	22
-0.697749	0.486853	0.031250	0.000977	18
-0.673749	0.453938	0.000000	0.000000	33
-0.702443	0.493426	0.250000	0.062500	22
-0.692784	0.479950	0.125000	0.015625	43
-0.741386	0.549653	0.187500	0.035156	19
-0.728599	0.530856	0.062500	0.003906	31
-0.718770	0.516631	0.093750	0.008789	32
-0.733686	0.538295	0.093750	0.008789	26
-0.760424	0.578244	0.218750	0.047852	38
-0.721571	0.520665	0.187500	0.035156	25
-0.696099	0.484553	0.031250	0.000977	37
-0.674092	0.454400	0.156250	0.024414	26
-0.766978	0.588256	0.125000	0.015625	23
-0.691294	0.477888	0.062500	0.003906	21
-0.665204	0.442497	0.062500	0.003906	28
-0.704505	0.496327	0.093750	0.008789	60
-0.721675	0.520815	0.031250	0.000977	34
-0.702025	0.492839	0.093750	0.008789	72
-0.698544	0.487964	0.281250	0.079102	36
-0.720285	0.518811	0.093750	0.008789	29
-0.689751	0.475756	0.156250	0.024414	34
-0.690650	0.476997	0.062500	0.003906	39
-0.720101	0.518546	0.125000	0.015625	31
-0.735788	0.541383	0.000000	0.000000	23
-0.720640	0.519322	0.093750	0.008789	31
-0.726588	0.527930	0.093750	0.008789	33
-0.701099	0.491539	0.000000	0.000000	27
-0.720887	0.519678	0.125000	0.015625	21
-0.694956	0.482964	0.062500	0.003906	31
-0.720408	0.518988	0.031250	0.000977	29
-0.724612	0.525062	0.156250	0.024414	28
-0.728018	0.530010	0.250000	0.062500	37
-0.714779	0.510909	0.000000	0.000000	24
-0.745386	0.555600	0.000000	0.000000	38
-0.731387	0.534927	0.093750	0.008789	20
-0.756602	0.572446	0.093750	0.008789	97
-0.671267	0.450600	0.062500	0.003906	28
-0.836940	0.700468	0.093750	0.008789	10
-0.672024	0.451617	0.031250	0.000977	31
-0.741217	0.549403	0.000000	0.000000	21
-0.681440	0.464360	0.062500	0.003906	19
-0.665668	0.443114	0.000000	0.000000	43
-0.691626	0.478347	0.093750	0.008789	28
-0.703848	0.495402	0.093750	0.008789	25
-0.694350	0.482122	0.187500	0.035156	29
-0.665801	0.443291	0.125000	0.015625	39
-0.644273	0.415088	0.125000	0.015625	26
-0.760931	0.579016	0.187500	0.035156	36
-0.699322	0.489051	0.031250	0.000977	25
-0.757254	0.573433	0.187500	0.035156	51
-0.666853	0.444694	0.062500	0.003906	22
-0.708004	0.501270	0.250000	0.062500	56
-0.701315	0.491842	0.187500	0.035156	37
-0.748204	0.559809	0.093750	0.008789	33
-0.723387	0.523289	0.062500	0.003906	25
-0.700074	0.490103	0.125000	0.015625	27
-0.743288	0.552477	0.093750	0.008789	33
-0.729484	0.532147	0.093750	0.008789	49
-0.702705	0.493794	0.031250	0.000977	31
-0.735648	0.541179	0.062500	0.003906	39
-0.720078	0.518513	0.125000	0.015625	20
-0.682095	0.465253	0.000000	0.000000	22
-0.673434	0.453513	0.093750	0.008789	27
-0.700134	0.490188	0.031250	0.000977	58
-0.705688	0.497995	0.218750	0.047852	16
-0.677984	0.459663	0.031250	0.000977	31
-0.712263	0.507319	0.156250	0.024414	25
-0.685656	0.470124	0.250000	0.062500	54
-0.714198	0.510079	0.000000	0.000000	25
-0.716599	0.513514	0.125000	0.015625	31
-0.679470	0.461679	0.062500	0.003906	36
-0.725042	0.525685	0.125000	0.015625	33
-0.726542	0.527863	0.062500	0.003906	46
-0.703779	0.495305	0.062500	0.003906	27
-0.695899	0.484276	0.187500	0.035156	16
-0.652200	0.425365	0.062500	0.003906	50
-0.705837	0.498206	0.031250	0.000977	35
-0.747135	0.558211	0.125000	0.015625	39
-0.679423	0.461616	0.062500	0.003906	31
-0.686473	0.471246	0.093750	0.008789	19
-0.667083	0.445000	0.093750	0.008789	30
-0.664679	0.441798	0.031250	0.000977	25
-0.695010	0.483038	0.062500	0.003906	28
-0.676068	0.457068	0.031250	0.000977	36
-0.722214	0.521593	0.187500	0.035156	32
-0.658278	0.433330	0.125000	0.015625	41
-0.674051	0.454345	0.031250	0.000977	24
-0.759846	0.577366	0.062500	0.003906	24
-0.700869	0.491217	0.093750	0.008789	36
-0.648628	0.420718	0.062500	0.003906	22
-0.746543	0.557327	0.156250	0.024414	31
-0.709899	0.503956	0.031250	0.000977	40
-0.710940	0.505436	0.062500	0.003906	31
-0.656620	0.431150	0.250000	0.062500	36
-0.719783	0.518087	0.093750	0.008789	19
-0.746201	0.556816	0.187500	0.035156	18
-0.707885	0.501101	0.093750	0.008789	30
-0.709478	0.503359	0.156250	0.024414	20
-0.621563	0.386341	0.156250	0.024414	25
-0.692007	0.478874	0.156250	0.024414	25
-0.665110	0.442371	0.156250	0.024414	35
-0.744623	0.554463	0.125000	0.015625	32
-0.695085	0.483143	0.187500	0.035156	16
-0.698609	0.488055	0.062500	0.003906	31
-0.733952	0.538685	0.093750	0.008789	18
-0.674648	0.455150	0.125000	0.015625	45
-0.729966	0.532851	0.062500	0.003906	31
-0.744497	0.554275	0.125000	0.015625	31
-0.734650	0.539711	0.125000	0.015625	29
-0.730428	0.533524	0.062500	0.003906	23
-0.724335	0.524661	0.062500	0.003906	18
-0.682085	0.465240	0.031250	0.000977	39
-0.706659	0.499367	0.156250	0.024414	29
-0.700136	0.490191	0.062500	0.003906	27
-0.685743	0.470244	0.156250	0.024414	21
-0.681973	0.465087	0.000000	0.000000	37
-0.717949	0.515451	0.031250	0.000977	40
-0.709402	0.503251	0.156250	0.024414	28
-0.732284	0.536240	0.156250	0.024414	33
-0.764667	0.584716	0.125000	0.015625	20
-0.717320	0.514548	0.000000	0.000000	17
-0.675077	0.455728	0.062500	0.003906	47
-0.737356	0.543693	0.031250	0.000977	28
-0.682163	0.465346	0.281250	0.079102	27
-0.677212	0.458616	0.187500	0.035156	28
-0.668062	0.446306	0.062500	0.003906	32
-0.691574	0.478274	0.156250	0.024414	25
-0.714105	0.509945	0.156250	0.024414	42
-0.697421	0.486396	0.062500	0.003906	25
-0.702018	0.492830	0.156250	0.024414	34
-0.721918	0.521165	0.062500	0.003906	28
-0.734681	0.539757	0.062500	0.003906	24
-0.702595	0.493639	0.000000	0.000000	20
-0.764769	0.584872	0.000000	0.000000	39
-0.672331	0.452029	0.062500	0.003906	30
-0.652799	0.426146	0.312500	0.097656	25
-0.699041	0.488659	0.000000	0.000000	36
-0.754597	0.569417	0.031250	0.000977	20
-0.740183	0.547871	0.093750	0.008789	25
-0.746980	0.557980	0.125000	0.015625	32
-0.724456	0.524836	0.093750	0.008789	23
-0.685901	0.470460	0.031250	0.000977	20
-0.720706	0.519417	0.000000	0.000000	26
-0.718974	0.516924	0.187500	0.035156	19
-0.744630	0.554474	0.187500	0.035156	31
-0.742479	0.551275	0.031250	0.000977	31
-0.703594	0.495044	0.031250	0.000977	55
-0.695342	0.483501	0.125000	0.015625	38
-0.736536	0.542485	0.187500	0.035156	40
-0.667719	0.445848	0.218750	0.047852	33
-0.694196	0.481908	0.062500	0.003906	24
-0.694782	0.482722	0.031250	0.000977	17
-0.652670	0.425978	0.062500	0.003906	51
-0.676901	0.458195	0.000000	0.000000	24
-0.718278	0.515923	0.218750	0.047852	24
-0.699384	0.489138	0.156250	0.024414	22
-0.715120	0.511396	0.093750	0.008789	22
-0.693778	0.481328	0.093750	0.008789	33
-0.727619	0.529429	0.093750	0.008789	30
-0.710753	0.505169	0.062500	0.003906	26
-0.776174	0.602445	0.187500	0.035156	42
-0.741880	0.550386	0.062500	0.003906	27
-0.691291	0.477884	0.093750	0.008789	38
-0.695119	0.483190	0.062500	0.003906	15
-0.668534	0.446938	0.312500	0.097656	23
-0.717051	0.514162	0.031250	0.000977	20
-0.713580	0.509197	0.031250	0.000977	28
-0.772803	0.597224	0.000000	0.000000	22
-0.675479	0.456272	0.062500	0.003906	40
-0.722999	0.522728	0.218750	0.047852	20
-0.685281	0.469609	0.062500	0.003906	26
-0.713691	0.509355	0.031250	0.000977	30
-0.663224	0.439865	0.031250	0.000977	26
-0.709410	0.503263	0.093750	0.008789	16
-0.692483	0.479533	0.031250	0.000977	23
-0.710568	0.504907	0.062500	0.003906	22
-0.697427	0.486405	0.250000	0.062500	35
-0.727297	0.528961	0.000000	0.000000	48
-0.699409	0.489173	0.156250	0.024414	47
-0.703437	0.494824	0.031250	0.000977	25
-0.727223	0.528854	0.250000	0.062500	20
-0.718761	0.516618	0.187500	0.035156	23
-0.669509	0.448243	0.000000	0.000000	23
-0.688334	0.473803	0.281250	0.079102	27
-0.681228	0.464072	0.156250	0.024414	26
-0.727532	0.529303	0.156250	0.024414	35
-0.691071	0.477579	0.031250	0.000977	21
-0.737257	0.543548	0.031250	0.000977	23
-0.694174	0.481878	0.093750	0.008789	31
-0.711198	0.505802	0.156250	0.024414	25
-0.728765	0.531098	0.187500	0.035156	35
-0.719981	0.518373	0.250000	0.062500	20
-0.696108	0.484567	0.062500	0.003906	40
-0.695853	0.484212	0.125000	0.015625	36
-0.705765	0.498104	0.000000	0.000000	31
-0.682695	0.466073	0.031250	0.000977	28
-0.718645	0.516451	0.062500	0.003906	32
-0.716537	0.513425	0.000000	0.000000	18
-0.644312	0.415138	0.125000	0.015625	30
-0.694343	0.482112	0.125000	0.015625	34
-0.697998	0.487201	0.000000	0.000000	43
