# Energy	Energy^2	Magnetic	Magnet^2	Cycles
-0.718481	0.516215	0.015625	0.000244	31
-0.722752	0.522370	0.015625	0.000244	74
-0.735550	0.541033	0.062500	0.003906	40
-0.753804	0.568221	0.007812	0.000061	46
-0.709153	0.502898	0.070312	0.004944	30
-0.706343	0.498920	0.031250	0.000977	31
-0.723246	0.523085	0.023438	0.000549	33
-0.737801	0.544351	0.023438	0.000549	55
-0.771301	0.594905	0.015625	0.000244	28
-0.722100	0.521429	0.039062	0.001526	34
-0.735812	0.541420	0.109375	0.011963	56
-0.765122	0.585411	0.054688	0.002991	36
-0.727385	0.529089	0.070312	0.004944	60
-0.751605	0.564909	0.015625	0.000244	30
-0.733245	0.537648	0.000000	0.000000	35
-0.760108	0.577764	0.093750	0.008789	36
-0.720864	0.519645	0.046875	0.002197	35
-0.747954	0.559435	0.046875	0.002197	25
-0.756031	0.571584	0.093750	0.008789	28
-0.700143	0.490200	0.031250	0.000977	42
-0.714555	0.510590	0.023438	0.000549	28
-0.703990	0.495602	0.023438	0.000549	37
-0.725828	0.526827	0.031250	0.000977	26
-0.733244	0.537647	0.007812	0.000061	29
-0.746723	0.557596	0.085938	0.007385	43
-0.727897	0.529834	0.015625	0.000244	40
-0.738088	0.544774	0.031250	0.000977	65
-0.754838	0.569781	0.078125	0.006104	28
-0.714119	0.509965	0.031250	0.000977	40
-0.723602	0.523599	0.054688	0.002991	31
-0.746288	0.556946	0.031250	0.000977	25
-0.734789	0.539916	0.031250	0.000977	49
-0.732078	0.535939	0.031250	0.000977	60
-0.725085	0.525748	0.062500	0.003906	33
-0.741065	0.549177	0.078125	0.006104	45
-0.744660	0.554519	0.054688	0.002991	40
-0.751666	0.565001	0.023438	0.000549	62
-0.738404	0.545241	0.031250	0.000977	70
-0.733572	0.538128	0.046875	0.002197	29
-0.715031	0.511270	0.054688	0.002991	30
-0.739209	0.546431	0.007812	0.000061	37
-0.749688	0.562031	0.015625	0.000244	30
-0.742734	0.551653	0.070312	0.004944	34
-0.729310	0.531893	0.109375	0.011963	58
-0.740365	0.548140	0.007812	0.000061	39
-0.701436	0.492013	0.015625	0.000244	35
-0.732593	0.536693	0.000000	0.000000	43
-0.735632	0.541155	0.031250	0.000977	30
-0.747979	0.559473	0.031250	0.000977	33
-0.733428	0.537917	0.023438	0.000549	33
-0.740313	0.548063	0.023438	0.000549	33
-0.724336	0.524662	0.023438	0.000549	38
-0.737543	0.543970	0.117188	0.013733	25
-0.743227	0.552386	0.007812	0.000061	54
-0.725305	0.526068	0.039062	0.001526	45
-0.734376	0.539308	0.023438	0.000549	39
-0.737046	0.543237	0.007812	0.000061	23
-0.736941	0.543082	0.007812	0.000061	35
-0.751854	0.565284	0.015625	0.000244	21
-0.727048	0.528599	0.015625	0.000244	24
-0.732298	0.536260	0.125000	0.015625	23
-0.730057	0.532984	0.046875	0.002197	32
-0.736611	0.542596	0.023438	0.000549	58
-0.726987	0.528511	0.054688	0.002991	23
-0.734719	0.539812	0.023438	0.000549	28
-0.701749	0.492451	0.062500	0.003906	23
-0.743413	0.552663	0.070312	0.004944	33
-0.738301	0.545088	0.125000	0.015625	37
-0.731821	0.535562	0.085938	0.007385	38
-0.730944	0.534279	0.023438	0.000549	43
-0.713130	0.508554	0.015625	0.000244	38
-0.752952	0.566936	0.015625	0.000244	39
-0.736240	0.542050	0.046875	0.002197	35
-0.715147	0.511435	0.046875	0.002197	34
-0.733719	0.538343	0.046875	0.002197	37
-0.732042	0.535886	0.000000	0.000000	56
-0.726201	0.527368	0.054688	0.002991	64
-0.720236	0.518740	0.085938	0.007385	80
-0.731541	0.535153	0.109375	0.011963	34
-0.750203	0.562804	0.062500	0.003906	56
-0.721925	0.521176	0.015625	0.000244	28
-0.718128	0.515707	0.070312	0.004944	27
-0.744945	0.554943	0.023438	0.000549	56
-0.716662	0.513605	0.062500	0.003906	41
-0.734322	0.539229	0.031250	0.000977	28
-0.736071	0.541801	0.031250	0.000977	36
-0.712381	0.507486	0.031250	0.000977	42
-0.726588	0.527930	0.023438	0.000549	28
-0.744186	0.553812	0.070312	0.004944	28
-0.725173	0.525875	0.023438	0.000549	41
-0.735829	0.541445	0.109375	0.011963	53
-0.734626	0.539676	0.015625	0.000244	40
-0.740593	0.548477	0.023438	0.000549	27
-0.731378	0.534914	0.023438	0.000549	42
-0.734539	0.539548	0.015625	0.000244	36
-0.742317	0.551034	0.085938	0.007385	32
-0.731941	0.535738	0.062500	0.003906	50
-0.705584	0.497849	0.046875	0.002197	39
-0.754758	0.569660	0.039062	0.001526	52
-0.761967	0.580593	0.054688	0.002991	49
-0.737515	0.543928	0.093750	0.008789	22
-0.736348	0.542208	0.023438	0.000549	39
-0.712099	0.507085	0.031250	0.000977	41
-0.711213	0.505824	0.023438	0.000549	30
-0.726957	0.528466	0.101562	0.010315	44
-0.732193	0.536107	0.070312	0.004944	40
-0.735585	0.541085	0.039062	0.001526	32
-0.727693	0.529537	0.039062	0.001526	35
-0.720357	0.518914	0.078125	0.006104	29
-0.720789	0.519537	0.007812	0.000061	37
-0.725372	0.526164	0.015625	0.000244	49
-0.749288	0.561432	0.000000	0.000000	58
-0.722217	0.521598	0.054688	0.002991	31
-0.744483	0.554254	0.054688	0.002991	65
-0.718656	0.516466	0.015625	0.000244	29
-0.748654	0.560483	0.000000	0.000000	79
-0.724588	0.525028	0.039062	0.001526	30
-0.726398	0.527654	0.062500	0.003906	25
-0.708187	0.501529	0.023438	0.000549	20
-0.707101	0.499992	0.093750	0.008789	28
-0.736847	0.542944	0.132812	0.017639	39
-0.752072	0.565612	0.015625	0.000244	30
-0.738534	0.545433	0.093750	0.008789	35
-0.721192	0.520118	0.070312	0.004944	36
-0.734347	0.539266	0.039062	0.001526	28
-0.736674	0.542688	0.023438	0.000549	27
-0.758677	0.575590	0.054688	0.002991	30
-0.731313	0.534818	0.085938	0.007385	39
-0.738234	0.544990	0.039062	0.001526	26
-0.737553	0.543985	0.085938	0.007385	35
-0.762435	0.581306	0.046875	0.002197	21
-0.750274	0.562911	0.023438	0.000549	62
-0.759404	0.576694	0.054688	0.002991	31
-0.748064	0.559600	0.070312	0.004944	60
-0.733263	0.537674	0.046875	0.002197	41
-0.708709	0.502268	0.046875	0.002197	25
-0.764832	0.584968	0.070312	0.004944	64
-0.738351	0.545162	0.093750	0.008789	55
-0.728446	0.530634	0.015625	0.000244	34
-0.731092	0.534496	0.046875	0.002197	31
-0.730703	0.533926	0.007812	0.000061	34
-0.726875	0.528348	0.023438	0.000549	33
-0.723679	0.523711	0.031250	0.000977	74
-0.717820	0.515265	0.039062	0.001526	42
-0.732403	0.536414	0.125000	0.015625	37
-0.728566	0.530809	0.054688	0.002991	51
-0.725323	0.526093	0.046875	0.002197	31
-0.743698	0.553086	0.015625	0.000244	47
-0.748876	0.560815	0.007812	0.000061	38
-0.735113	0.540391	0.062500	0.003906	33
-0.741594	0.549962	0.101562	0.010315	53
-0.743607	0.552951	0.007812	0.000061	26
-0.728982	0.531415	0.070312	0.004944	58
-0.721606	0.520715	0.031250	0.000977	31
-0.724195	0.524459	0.054688	0.002991	26
-0.744137	0.553740	0.031250	0.000977	36
-0.739782	0.547277	0.078125	0.006104	37
-0.753855	0.568298	0.031250	0.000977	33
-0.725961	0.527019	0.015625	0.000244	27
-0.733489	0.538007	0.031250	0.000977	45
-0.720554	0.519198	0.054688	0.002991	60
-0.705900	0.498295	0.023438	0.000549	24
-0.749940	0.562410	0.023438	0.000549	27
-0.754702	0.569575	0.046875	0.002197	35
-0.720712	0.519426	0.062500	0.003906	31
-0.734738	0.539840	0.000000	0.000000	36
-0.736146	0.541911	0.000000	0.000000	66
-0.736164	0.541938	0.015625	0.000244	29
-0.757307	0.573515	0.046875	0.002197	46
-0.725310	0.526075	0.062500	0.003906	48
-0.724806	0.525344	0.054688	0.002991	51
-0.724973	0.525585	0.054688	0.002991	37
-0.748436	0.560157	0.031250	0.000977	35
-0.731634	0.535288	0.015625	0.000244	28
-0.734682	0.539758	0.062500	0.003906	34
-0.750350	0.563025	0.000000	0.000000	26
-0.748436	0.560156	0.101562	0.010315	39
-0.739122	0.546301	0.015625	0.000244	32
-0.742357	0.551095	0.117188	0.013733	35
-0.713584	0.509202	0.007812	0.000061	38
-0.750832	0.563748	0.093750	0.008789	29
-0.746738	0.557618	0.085938	0.007385	36
-0.731820	0.535560	0.093750	0.008789	30
-0.752292	0.565944	0.085938	0.007385	87
-0.722475	0.521970	0.007812	0.000061	40
-0.735164	0.540466	0.007812	0.000061	36
-0.747506	0.558765	0.109375	0.011963	29
-0.728936	0.531348	0.148438	0.022034	32
-0.730772	0.534028	0.039062	0.001526	58
-0.729350	0.531951	0.046875	0.002197	33
-0.748789	0.560685	0.078125	0.006104	33
-0.752750	0.566633	0.085938	0.007385	34
-0.727502	0.529260	0.054688	0.002991	27
-0.729126	0.531624	0.070312	0.004944	37
-0.722829	0.522482	0.078125	0.006104	37
-0.750502	0.563253	0.031250	0.000977	29
-0.741036	0.549134	0.031250	0.000977	40
-0.754523	0.569305	0.054688	0.002991	45
-0.760876	0.578932	0.062500	0.003906	28
-0.730269	0.533292	0.093750	0.008789	34
-0.709988	0.504083	0.054688	0.002991	39
-0.736972	0.543127	0.031250	0.000977	29
-0.731361	0.534888	0.007812	0.000061	55
-0.709275	0.503070	0.023438	0.000549	36
-0.739591	0.546995	0.023438	0.000549	41
-0.737794	0.544340	0.125000	0.015625	36
-0.728603	0.530862	0.007812	0.000061	33
-0.738170	0.544895	0.046875	0.002197	38
-0.722611	0.522167	0.046875	0.002197	32
-0.711425	0.506126	0.054688	0.002991	25
-0.774112	0.599249	0.093750	0.008789	37
-0.757457	0.573742	0.000000	0.000000	37
-0.741037	0.549136	0.039062	0.001526	30
-0.732924	0.537178	0.007812	0.000061	37
-0.726838	0.528293	0.000000	0.000000	43
-0.741236	0.549431	0.078125	0.006104	27
-0.744514	0.554302	0.062500	0.003906	42
-0.751557	0.564838	0.015625	0.000244	73
-0.732429	0.536452	0.046875	0.002197	31
-0.738471	0.545339	0.007812	0.000061	76
-0.726819	0.528266	0.093750	0.008789	35
-0.744336	0.554036	0.031250	0.000977	53
-0.747233	0.558357	0.015625	0.000244	29
-0.736376	0.542249	0.007812	0.000061	31
-0.718810	0.516688	0.031250	0.000977	23
-0.721992	0.521273	0.023438	0.000549	25
-0.754294	0.568960	0.015625	0.000244	41
-0.720720	0.519438	0.023438	0.000549	40
-0.738397	0.545230	0.031250	0.000977	45
-0.728842	0.531210	0.031250	0.000977	41
-0.728799	0.531148	0.015625	0.000244	41
-0.743399	0.552642	0.140625	0.019775	25
-0.720412	0.518994	0.015625	0.000244	37
-0.720320	0.518860	0.023438	0.000549	32
-0.736990	0.543155	0.085938	0.007385	34
-0.762553	0.581487	0.031250	0.000977	29
-0.728125	0.530165	0.109375	0.011963	29
-0.727349	0.529036	0.031250	0.000977	45
-0.756041	0.571598	0.140625	0.019775	43
-0.711697	0.506512	0.140625	0.019775	31
-0.749522	0.561783	0.140625	0.019775	45
-0.732258	0.536201	0.093750	0.008789	38
-0.771612	0.595384	0.054688	0.002991	36
-0.751961	0.565445	0.007812	0.000061	32
-0.724244	0.524529	0.140625	0.019775	31
-0.753564	0.567858	0.023438	0.000549	35
-0.717922	0.515412	0.031250	0.000977	43
-0.721324	0.520309	0.000000	0.000000	68
-0.742984	0.552025	0.070312	0.004944	42
-0.724112	0.524338	0.062500	0.003906	24
-0.735084	0.540348	0.070312	0.004944	36
-0.728494	0.530703	0.039062	0.001526	34
-0.738166	0.544890	0.015625	0.000244	36
-0.715639	0.512139	0.085938	0.007385	61
-0.743778	0.553205	0.062500	0.003906	31
-0.741035	0.549133	0.117188	0.013733	39
-0.738384	0.545211	0.070312	0.004944	22
-0.739683	0.547131	0.015625	0.000244	26
-0.727438	0.529165	0.031250	0.000977	87
-0.721349	0.520345	0.093750	0.008789	36
-0.704735	0.496651	0.015625	0.000244	29
-0.748368	0.560055	0.015625	0.000244	38
-0.740679	0.548605	0.085938	0.007385	40
-0.756862	0.572840	0.031250	0.000977	29
-0.725501	0.526352	0.062500	0.003906	37
-0.747714	0.559077	0.093750	0.008789	42
-0.728447	0.530635	0.031250	0.000977	38
-0.703479	0.494883	0.023438	0.000549	38
-0.748247	0.559873	0.000000	0.000000	25
-0.731490	0.535077	0.062500	0.003906	26
-0.765681	0.586267	0.101562	0.010315	34
-0.719640	0.517881	0.023438	0.000549	30
-0.724909	0.525493	0.046875	0.002197	43
-0.722164	0.521521	0.093750	0.008789	22
-0.721653	0.520783	0.015625	0.000244	38
-0.734588	0.539620	0.140625	0.019775	36
-0.741850	0.550342	0.000000	0.000000	64
-0.737123	0.543351	0.039062	0.001526	37
-0.744700	0.554578	0.046875	0.002197	32
-0.744604	0.554436	0.000000	0.000000	39
-0.735937	0.541604	0.015625	0.000244	37
-0.725993	0.527065	0.085938	0.007385	33
-0.718714	0.516549	0.046875	0.002197	26
-0.729057	0.531524	0.039062	0.001526	34
-0.736850	0.542948	0.085938	0.007385	45
-0.729076	0.531552	0.054688	0.002991	30
-0.713410	0.508954	0.039062	0.001526	38
-0.738485	0.545360	0.078125	0.006104	32
-0.726479	0.527771	0.023438	0.000549	55
-0.714414	0.510387	0.023438	0.000549	26
-0.759475	0.576802	0.007812	0.000061	40
-0.712865	0.508176	0.007812	0.000061	21
-0.747951	0.559430	0.070312	0.004944	38
-0.720329	0.518873	0.031250	0.000977	42
-0.732908	0.537154	0.039062	0.001526	37
-0.726043	0.527139	0.023438	0.000549	35
-0.742965	0.551997	0.015625	0.000244	31
-0.739727	0.547196	0.062500	0.003906	44
-0.713985	0.509774	0.000000	0.000000	29
-0.732205	0.536124	0.093750	0.008789	36
-0.733252	0.537658	0.031250	0.000977	38
-0.705941	0.498353	0.031250	0.000977	56
-0.755163	0.570271	0.132812	0.017639	27
-0.729727	0.532501	0.062500	0.003906	28
-0.722820	0.522469	0.054688	0.002991	39
-0.744192	0.553822	0.031250	0.000977	41
-0.740215	0.547919	0.101562	0.010315	34
-0.728409	0.530580	0.015625	0.000244	22
-0.750542	0.563314	0.132812	0.017639	50
-0.760701	0.578667	0.007812	0.000061	26
-0.746910	0.557874	0.039062	0.001526	39
-0.742684	0.551579	0.132812	0.017639	51
-0.727981	0.529957	0.070312	0.004944	32
-0.735951	0.541624	0.039062	0.001526	40
-0.738775	0.545789	0.015625	0.000244	31
-0.745963	0.556461	0.031250	0.000977	28
-0.726811	0.528255	0.015625	0.000244	40
-0.735415	0.540836	0.054688	0.002991	28
-0.740629	0.548532	0.023438	0.000549	32
-0.729165	0.531682	0.046875	0.002197	28
-0.721029	0.519883	0.031250	0.000977	37
-0.716790	0.513788	0.007812	0.000061	28
-0.737979	0.544612	0.000000	0.000000	30
-0.724394	0.524746	0.062500	0.003906	36
-0.718513	0.516261	0.093750	0.008789	57
-0.728670	0.530960	0.015625	0.000244	27
-0.723669	0.523696	0.015625	0.000244	40
-0.745222	0.555355	0.000000	0.000000	31
-0.732119	0.535999	0.000000	0.000000	24
-0.724307	0.524621	0.078125	0.006104	35
-0.738831	0.545872	0.023438	0.000549	52
-0.715651	0.512156	0.078125	0.006104	37
-0.740531	0.548386	0.062500	0.003906	55
-0.736419	0.542313	0.023438	0.000549	35
-0.754417	0.569145	0.046875	0.002197	46
-0.750586	0.563379	0.015625	0.000244	41
-0.731387	0.534927	0.039062	0.001526	32
-0.729302	0.531881	0.023438	0.000549	28
-0.733589	0.538152	0.054688	0.002991	36
-0.729750	0.532535	0.023438	0.000549	27
-0.739590	0.546994	0.046875	0.002197	26
-0.749034	0.561052	0.031250	0.000977	24
-0.733222	0.537615	0.062500	0.003906	36
-0.726495	0.527795	0.039062	0.001526	42
-0.730978	0.534328	0.101562	0.010315	37
-0.705177	0.497274	0.125000	0.015625	41
-0.728398	0.530564	0.007812	0.000061	33
-0.746400	0.557112	0.023438	0.000549	45
-0.727062	0.528620	0.007812	0.000061	57
-0.712156	0.507166	0.054688	0.002991	55
-0.743163	0.552292	0.109375	0.011963	35
-0.734211	0.539065	0.054688	0.002991	45
-0.737782	0.544323	0.031250	0.000977	38
-0.718755	0.516609	0.031250	0.000977	28
-0.746781	0.557682	0.054688	0.002991	19
-0.750886	0.563829	0.062500	0.003906	32
-0.723937	0.524085	0.031250	0.000977	39
-0.733333	0.537777	0.078125	0.006104	53
-0.754583	0.569396	0.054688	0.002991	20
-0.728712	0.531021	0.046875	0.002197	42
-0.746413	0.557132	0.054688	0.002991	34
-0.707992	0.501253	0.031250	0.000977	44
-0.755410	0.570644	0.039062	0.001526	17
-0.717936	0.515433	0.031250	0.000977	43
-0.719544	0.517744	0.125000	0.015625	29
-0.744515	0.554302	0.148438	0.022034	36
-0.711014	0.505540	0.093750	0.008789	34
-0.725848	0.526855	0.085938	0.007385	31
-0.731605	0.535246	0.062500	0.003906	26
-0.747643	0.558971	0.023438	0.000549	39
-0.748339	0.560011	0.117188	0.013733	53
-0.720791	0.519540	0.109375	0.011963	34
-0.728302	0.530424	0.000000	0.000000	35
-0.724774	0.525298	0.093750	0.008789	29
-0.706598	0.499280	0.000000	0.000000	26
-0.725218	0.525942	0.007812	0.000061	30
-0.719944	0.518319	0.031250	0.000977	38
-0.760371	0.578164	0.015625	0.000244	40
-0.733803	0.538466	0.000000	0.000000	33
-0.739790	0.547290	0.078125	0.006104	29
-0.726849	0.528309	0.070312	0.004944	35
-0.742624	0.551491	0.039062	0.001526	26
-0.749712	0.562068	0.007812	0.000061	32
-0.730361	0.533427	0.039062	0.001526	70
-0.726930	0.528428	0.015625	0.000244	51
-0.745505	0.555778	0.109375	0.011963	58
-0.764681	0.584738	0.085938	0.007385	29
-0.714162	0.510027	0.117188	0.013733	43
-0.736166	0.541940	0.062500	0.003906	45
-0.756863	0.572842	0.007812	0.000061	35
-0.740950	0.549006	0.031250	0.000977	25
-0.729111	0.531603	0.023438	0.000549	65
-0.720042	0.518460	0.054688	0.002991	45
-0.746229	0.556858	0.046875	0.002197	68
-0.756058	0.571624	0.062500	0.003906	55
-0.742574	0.551416	0.078125	0.006104	37
-0.745037	0.555080	0.015625	0.000244	34
-0.730883	0.534190	0.031250	0.000977	29
-0.711723	0.506550	0.031250	0.000977	24
-0.713195	0.508647	0.007812	0.000061	37
-0.727584	0.529378	0.015625	0.000244	30
-0.731571	0.535197	0.070312	0.004944	32
-0.722437	0.521915	0.078125	0.006104	52
-0.727071	0.528633	0.007812	0.000061	33
-0.725674	0.526603	0.054688	0.002991	45
-0.717164	0.514325	0.046875	0.002197	21
-0.708683	0.502231	0.125000	0.015625	49
-0.732245	0.536183	0.085938	0.007385	27
-0.737717	0.544227	0.007812	0.000061	38
-0.753896	0.568360	0.015625	0.000244	52
-0.724715	0.525212	0.007812	0.000061	32
-0.740481	0.548313	0.070312	0.004944	28
-0.723297	0.523159	0.031250	0.000977	46
-0.730788	0.534050	0.000000	0.000000	36
-0.739863	0.547397	0.000000	0.000000	44
-0.735311	0.540682	0.039062	0.001526	37
-0.746524	0.557298	0.015625	0.000244	16
-0.717163	0.514323	0.054688	0.002991	29
-0.715519	0.511968	0.054688	0.002991	34
-0.738165	0.544888	0.007812	0.000061	41
-0.743337	0.552550	0.015625	0.000244	32
-0.723931	0.524077	0.031250	0.000977	33
-0.742300	0.551009	0.085938	0.007385	47
-0.744848	0.554798	0.039062	0.001526	31
-0.719902	0.518258	0.054688	0.002991	36
-0.730639	0.533834	0.015625	0.000244	33
-0.755147	0.570247	0.023438	0.000549	33
-0.741841	0.550328	0.007812	0.000061	22
-0.727732	0.529595	0.085938	0.007385	26
-0.728419	0.530594	0.007812	0.000061	34
-0.743265	0.552443	0.015625	0.000244	35
-0.735253	0.540598	0.000000	0.000000	26
-0.721043	0.519903	0.085938	0.007385	76
-0.733642	0.538230	0.023438	0.000549	45
-0.739353	0.546642	0.125000	0.015625	24
-0.723370	0.523265	0.101562	0.010315	37
-0.728706	0.531013	0.023438	0.000549	39
-0.740337	0.548099	0.062500	0.003906	65
-0.739473	0.546820	0.070312	0.004944	31
-0.732354	0.536342	0.078125	0.006104	25
-0.725758	0.526724	0.062500	0.003906	29
-0.730078	0.533013	0.007812	0.000061	37
-0.757690	0.574094	0.039062	0.001526	27
-0.722323	0.521750	0.007812	0.000061	32
-0.711310	0.505962	0.031250	0.000977	44
-0.735530	0.541005	0.164062	0.026917	45
-0.733332	0.537775	0.031250	0.000977	30
-0.747433	0.558656	0.015625	0.000244	35
-0.725038	0.525681	0.015625	0.000244	35
-0.743392	0.552631	0.085938	0.007385	62
-0.715863	0.512460	0.007812	0.000061	28
-0.731965	0.535773	0.062500	0.003906	41
-0.741364	0.549621	0.007812	0.000061	29
-0.733104	0.537442	0.046875	0.002197	44
-0.748300	0.559953	0.078125	0.006104	51
-0.768895	0.591199	0.015625	0.000244	41
-0.734110	0.538918	0.015625	0.000244	41
-0.714659	0.510737	0.046875	0.002197	42
-0.727470	0.529212	0.054688	0.002991	39
-0.737017	0.543194	0.125000	0.015625	38
-0.733574	0.538131	0.015625	0.000244	35
-0.738079	0.544761	0.015625	0.000244	30
-0.723033	0.522776	0.093750	0.008789	36
-0.722435	0.521913	0.078125	0.006104	33
-0.741430	0.549719	0.031250	0.000977	32
-0.723546	0.523519	0.039062	0.001526	33
-0.725303	0.526064	0.039062	0.001526	42
-0.762462	0.581349	0.023438	0.000549	34
-0.742725	0.551641	0.023438	0.000549	83
-0.765760	0.586389	0.046875	0.002197	33
-0.761335	0.579631	0.070312	0.004944	45
-0.740658	0.548574	0.039062	0.001526	52
-0.751251	0.564377	0.148438	0.022034	32
-0.708800	0.502397	0.062500	0.003906	27
-0.724982	0.525599	0.039062	0.001526	46
-0.726957	0.528466	0.015625	0.000244	51
-0.713804	0.509516	0.164062	0.026917	39
-0.728033	0.530031	0.046875	0.002197	37
-0.722919	0.522612	0.007812	0.000061	30
-0.738756	0.545761	0.039062	0.001526	37
-0.721189	0.520113	0.054688	0.002991	44
-0.719188	0.517232	0.015625	0.000244	28
-0.730073	0.533007	0.007812	0.000061	34
-0.762211	0.580966	0.031250	0.000977	51
-0.734017	0.538782	0.054688	0.002991	35
-0.724809	0.525348	0.078125	0.006104	40
-0.758966	0.576029	0.078125	0.006104	39
-0.730968	0.534314	0.000000	0.000000	37
-0.739557	0.546944	0.085938	0.007385	30
-0.746901	0.557862	0.023438	0.000549	24
-0.742488	0.551289	0.023438	0.000549	32
-0.737005	0.543176	0.023438	0.000549	24
-0.726394	0.527648	0.031250	0.000977	37
-0.741801	0.550269	0.054688	0.002991	43
-0.718916	0.516840	0.117188	0.013733	26
-0.729873	0.532714	0.039062	0.001526	26
-0.742624	0.551491	0.054688	0.002991	44
-0.751218	0.564329	0.039062	0.001526	65
-0.712306	0.507380	0.007812	0.000061	43
-0.726299	0.527511	0.125000	0.015625	34
-0.728886	0.531274	0.062500	0.003906	34
-0.721348	0.520343	0.023438	0.000549	42
-0.716595	0.513509	0.046875	0.002197	45
-0.748303	0.559957	0.015625	0.000244	26
-0.743453	0.552723	0.000000	0.000000	52
-0.742095	0.550705	0.062500	0.003906	29
-0.753531	0.567809	0.031250	0.000977	29
-0.749834	0.562251	0.062500	0.003906	38
-0.719018	0.516987	0.085938	0.007385	32
-0.738098	0.544789	0.085938	0.007385	39
-0.743418	0.552671	0.039062	0.001526	42
-0.729856	0.532690	0.054688	0.002991	40
-0.722138	0.521483	0.109375	0.011963	33
-0.725463	0.526297	0.015625	0.000244	34
-0.760018	0.577627	0.062500	0.003906	43
-0.747946	0.559424	0.093750	0.008789	32
-0.734786	0.539910	0.031250	0.000977	30
-0.722971	0.522688	0.007812	0.000061	38
-0.719386	0.517516	0.031250	0.000977	43
-0.718417	0.516123	0.046875	0.002197	33
-0.727783	0.529668	0.007812	0.000061	27
-0.733473	0.537983	0.070312	0.004944	23
-0.761618	0.580062	0.046875	0.002197	37
-0.713002	0.508372	0.031250	0.000977	41
-0.725815	0.526808	0.031250	0.000977	40
-0.759936	0.577503	0.031250	0.000977	38
-0.708072	0.501365	0.054688	0.002991	35
-0.715569	0.512038	0.093750	0.008789	45
-0.735244	0.540584	0.046875	0.002197	33
-0.730935	0.534266	0.023438	0.000549	27
-0.731606	0.535248	0.039062	0.001526	35
-0.768314	0.590306	0.015625	0.000244	30
-0.731780	0.535502	0.023438	0.000549	33
-0.728061	0.530073	0.015625	0.000244	34
-0.760998	0.579118	0.101562	0.010315	45
-0.747186	0.558288	0.062500	0.003906	41
-0.740208	0.547908	0.023438	0.000549	31
-0.716064	0.512747	0.062500	0.003906	42
-0.744094	0.553676	0.210938	0.044495	46
-0.735755	0.541335	0.007812	0.000061	50
-0.749151	0.561227	0.007812	0.000061	30
-0.728677	0.530970	0.046875	0.002197	39
-0.738202	0.544943	0.078125	0.006104	24
-0.717356	0.514599	0.054688	0.002991	34
-0.711117	0.505687	0.085938	0.007385	29
-0.749421	0.561631	0.195312	0.038147	59
-0.738071	0.544749	0.039062	0.001526	50
-0.740438	0.548248	0.015625	0.000244	22
-0.719290	0.517378	0.156250	0.024414	29
-0.725960	0.527018	0.023438	0.000549	59
-0.729091	0.531573	0.031250	0.000977	46
-0.748648	0.560474	0.101562	0.010315	39
-0.745886	0.556345	0.023438	0.000549	37
-0.718864	0.516766	0.023438	0.000549	51
-0.726158	0.527305	0.000000	0.000000	21
-0.734781	0.539904	0.054688	0.002991	40
-0.734953	0.540155	0.101562	0.010315	27
-0.710475	0.504774	0.070312	0.004944	41
-0.749654	0.561981	0.023438	0.000549	53
-0.731427	0.534986	0.023438	0.000549	35
-0.738346	0.545155	0.070312	0.004944	53
-0.737831	0.544394	0.062500	0.003906	29
-0.748849	0.560775	0.007812	0.000061	41
-0.719796	0.518106	0.046875	0.002197	36
-0.734413	0.539362	0.031250	0.000977	24
-0.721335	0.520324	0.062500	0.003906	42
-0.736243	0.542053	0.054688	0.002991	33
-0.741392	0.549662	0.054688	0.002991	40
-0.752391	0.566092	0.054688	0.002991	25
-0.723842	0.523947	0.031250	0.000977	31
-0.753177	0.567276	0.015625	0.000244	26
-0.745220	0.555353	0.031250	0.000977	45
-0.741434	0.549725	0.070312	0.004944	46
-0.760351	0.578133	0.000000	0.000000	31
-0.736998	0.543167	0.007812	0.000061	21
-0.737571	0.544010	0.015625	0.000244	23
-0.750450	0.563175	0.062500	0.003906	24
-0.715634	0.512132	0.085938	0.007385	27
-0.758393	0.575159	0.039062	0.001526	28
-0.733651	0.538244	0.062500	0.003906	59
-0.748455	0.560185	0.023438	0.000549	46
-0.726476	0.527768	0.054688	0.002991	45
-0.736944	0.543086	0.031250	0.000977	38
-0.747937	0.559410	0.007812	0.000061	45
-0.710744	0.505157	0.078125	0.006104	29
-0.728276	0.530385	0.015625	0.000244	27
-0.726239	0.527423	0.101562	0.010315	34
-0.740733	0.548686	0.046875	0.002197	28
-0.736699	0.542726	0.031250	0.000977	38
-0.727088	0.528656	0.085938	0.007385	41
-0.737426	0.543797	0.023438	0.000549	41
-0.745525	0.555807	0.007812	0.000061	40
-0.746417	0.557138	0.039062	0.001526	28
-0.728363	0.530513	0.015625	0.000244	23
-0.729139	0.531643	0.132812	0.017639	27
-0.727725	0.529584	0.007812	0.000061	42
-0.731742	0.535447	0.000000	0.000000	27
-0.729630	0.532360	0.054688	0.002991	28
-0.743925	0.553424	0.070312	0.004944	29
-0.753156	0.567244	0.015625	0.000244	46
-0.741009	0.549095	0.085938	0.007385	19
-0.724786	0.525315	0.031250	0.000977	32
-0.735506	0.540969	0.062500	0.003906	26
-0.711913	0.506819	0.062500	0.003906	41
-0.735127	0.540412	0.054688	0.002991	38
-0.766082	0.586881	0.109375	0.011963	33
-0.727025	0.528566	0.125000	0.015625	42
-0.734073	0.538863	0.070312	0.004944	28
-0.726086	0.527201	0.132812	0.017639	55
-0.733140	0.537494	0.007812	0.000061	29
-0.742265	0.550958	0.039062	0.001526	53
-0.726637	0.528002	0.054688	0.002991	34
-0.740237	0.547951	0.015625	0.000244	30
-0.753558	0.567850	0.093750	0.008789	31
-0.753338	0.567518	0.101562	0.010315	40
-0.754414	0.569141	0.039062	0.001526	37
-0.745410	0.555635	0.101562	0.010315	39
-0.747470	0.558712	0.000000	0.000000	25
-0.763214	0.582496	0.023438	0.000549	25
-0.735615	0.541130	0.023438	0.000549	39
-0.725349	0.526131	0.046875	0.002197	36
-0.719955	0.518336	0.031250	0.000977	36
-0.760460	0.578300	0.031250	0.000977	35
-0.737365	0.543707	0.031250	0.000977	29
-0.737973	0.544604	0.023438	0.000549	41
-0.734805	0.539938	0.015625	0.000244	28
-0.722473	0.521967	0.039062	0.001526	33
-0.732882	0.537116	0.039062	0.001526	50
-0.718665	0.516480	0.054688	0.002991	30
-0.718728	0.516570	0.039062	0.001526	35
-0.724857	0.525417	0.015625	0.000244	40
-0.735834	0.541452	0.007812	0.000061	30
-0.741603	0.549975	0.078125	0.006104	31
-0.743708	0.553102	0.117188	0.013733	34
-0.746085	0.556642	0.054688	0.002991	41
-0.716068	0.512753	0.078125	0.006104	28
-0.720841	0.519612	0.078125	0.006104	28
-0.745636	0.555973	0.046875	0.002197	39
-0.731817	0.535556	0.054688	0.002991	39
-0.739438	0.546769	0.085938	0.007385	50
-0.732821	0.537027	0.125000	0.015625	35
-0.732440	0.536468	0.046875	0.002197	30
-0.734943	0.540141	0.023438	0.000549	41
-0.735040	0.540284	0.015625	0.000244	34
-0.743938	0.553444	0.031250	0.000977	34
-0.731864	0.535625	0.015625	0.000244	28
-0.716076	0.512764	0.046875	0.002197	38
-0.724690	0.525176	0.031250	0.000977	28
-0.740485	0.548318	0.062500	0.003906	49
-0.729759	0.532549	0.015625	0.000244	24
-0.750190	0.562785	0.085938	0.007385	66
-0.732325	0.536300	0.070312	0.004944	48
-0.733754	0.538395	0.039062	0.001526	47
-0.722139	0.521485	0.015625	0.000244	21
-0.752483	0.566231	0.000000	0.000000	31
-0.727914	0.529859	0.078125	0.006104	59
-0.718743	0.516591	0.078125	0.006104	51
-0.718607	0.516396	0.046875	0.002197	56
-0.724109	0.524334	0.148438	0.022034	38
-0.729023	0.531474	0.070312	0.004944	40
-0.749243	0.561365	0.046875	0.002197	40
-0.726317	0.527536	0.039062	0.001526	29
-0.727071	0.528632	0.007812	0.000061	37
-0.749180	0.561271	0.054688	0.002991	32
-0.740547	0.548410	0.046875	0.002197	27
-0.737759	0.544289	0.007812	0.000061	39
-0.745385	0.555598	0.007812	0.000061	36
-0.732672	0.536808	0.054688	0.002991	52
-0.727990	0.529969	0.085938	0.007385	38
-0.729219	0.531760	0.039062	0.001526	20
-0.755969	0.571489	0.078125	0.006104	32
-0.738829	0.545868	0.046875	0.002197	28
-0.727782	0.529666	0.000000	0.000000	36
-0.760719	0.578693	0.054688	0.002991	34
-0.722014	0.521305	0.039062	0.001526	30
-0.726791	0.528225	0.101562	0.010315	28
-0.710464	0.504759	0.015625	0.000244	38
-0.740329	0.548087	0.023438	0.000549	38
-0.729333	0.531926	0.078125	0.006104	20
-0.734366	0.539294	0.007812	0.000061	41
-0.725842	0.526847	0.101562	0.010315	34
-0.743733	0.553138	0.023438	0.000549	39
-0.706924	0.499742	0.015625	0.000244	45
-0.741648	0.550041	0.007812	0.000061	44
-0.736199	0.541990	0.046875	0.002197	28
-0.746825	0.557748	0.031250	0.000977	65
-0.754649	0.569496	0.132812	0.017639	35
-0.752831	0.566755	0.031250	0.000977	60
-0.710393	0.504659	0.070312	0.004944	48
-0.721795	0.520987	0.085938	0.007385	36
-0.746148	0.556737	0.078125	0.006104	35
-0.731142	0.534569	0.015625	0.000244	34
-0.731644	0.535304	0.070312	0.004944	46
-0.740284	0.548021	0.039062	0.001526	29
-0.737153	0.543394	0.031250	0.000977	38
-0.727137	0.528728	0.070312	0.004944	34
-0.729183	0.531707	0.007812	0.000061	33
-0.729291	0.531865	0.015625	0.000244	32
-0.747409	0.558619	0.125000	0.015625	32
-0.736578	0.542548	0.007812	0.000061	28
-0.711891	0.506789	0.039062	0.001526	34
-0.721887	0.521121	0.023438	0.000549	24
-0.722561	0.522095	0.078125	0.006104	33
-0.737900	0.544497	0.007812	0.000061	22
-0.746925	0.557897	0.031250	0.000977	50
-0.723928	0.524072	0.031250	0.000977	38
-0.735108	0.540383	0.132812	0.017639	45
-0.767613	0.589230	0.039062	0.001526	38
-0.752898	0.566856	0.039062	0.001526	50
-0.733778	0.538430	0.007812	0.000061	42
-0.752268	0.565908	0.015625	0.000244	38
-0.729633	0.532364	0.085938	0.007385	30
-0.730502	0.533633	0.093750	0.008789	35
-0.727762	0.529637	0.078125	0.006104	25
-0.733282	0.537703	0.007812	0.000061	25
-0.736009	0.541709	0.054688	0.002991	45
-0.743700	0.553090	0.031250	0.000977	38
-0.746618	0.557439	0.039062	0.001526	45
-0.756505	0.572299	0.031250	0.000977	27
-0.717002	0.514092	0.015625	0.000244	41
-0.737230	0.543509	0.078125	0.006104	46
-0.736923	0.543055	0.039062	0.001526	41
-0.744677	0.554544	0.039062	0.001526	37
-0.692572	0.479655	0.000000	0.000000	32
-0.725518	0.526376	0.007812	0.000061	55
-0.740323	0.548078	0.039062	0.001526	46
-0.746065	0.556614	0.015625	0.000244	56
-0.757878	0.574379	0.046875	0.002197	65
-0.737102	0.543319	0.171875	0.029541	46
-0.753921	0.568396	0.078125	0.006104	38
-0.733556	0.538105	0.015625	0.000244	49
-0.721007	0.519851	0.015625	0.000244	34
-0.717251	0.514449	0.093750	0.008789	33
-0.721979	0.521254	0.109375	0.011963	41
-0.725405	0.526212	0.015625	0.000244	42
-0.707388	0.500398	0.015625	0.000244	39
-0.766061	0.586849	0.007812	0.000061	51
-0.709151	0.502896	0.078125	0.006104	47
-0.736737	0.542781	0.054688	0.002991	27
-0.729920	0.532783	0.023438	0.000549	38
-0.734845	0.539997	0.039062	0.001526	49
-0.736752	0.542803	0.062500	0.003906	37
-0.730961	0.534304	0.039062	0.001526	53
-0.739396	0.546707	0.031250	0.000977	31
-0.759076	0.576197	0.023438	0.000549	36
-0.744417	0.554157	0.078125	0.006104	30
-0.750750	0.563626	0.046875	0.002197	20
-0.747710	0.559070	0.054688	0.002991	38
-0.741402	0.549677	0.046875	0.002197	36
-0.719227	0.517287	0.054688	0.002991	30
-0.741037	0.549136	0.109375	0.011963	29
-0.736736	0.542780	0.054688	0.002991	32
-0.733970	0.538711	0.046875	0.002197	51
-0.737797	0.544344	0.007812	0.000061	36
-0.731300	0.534800	0.062500	0.003906	49
-0.726068	0.527175	0.015625	0.000244	59
-0.727318	0.528992	0.109375	0.011963	34
-0.726054	0.527154	0.054688	0.002991	31
-0.739302	0.546568	0.007812	0.000061	28
-0.723375	0.523271	0.046875	0.002197	31
-0.747495	0.558749	0.039062	0.001526	48
-0.726208	0.527377	0.031250	0.000977	25
-0.745571	0.555876	0.015625	0.000244	26
-0.749451	0.561677	0.093750	0.008789	31
-0.717140	0.514289	0.000000	0.000000	26
-0.737461	0.543849	0.015625	0.000244	48
-0.741168	0.549330	0.148438	0.022034	33
-0.732551	0.536631	0.070312	0.004944	21
-0.732630	0.536746	0.156250	0.024414	34
-0.730258	0.533277	0.015625	0.000244	62
-0.731438	0.535002	0.000000	0.000000	70
-0.741088	0.549211	0.101562	0.010315	51
-0.736487	0.542412	0.062500	0.003906	36
-0.730679	0.533893	0.093750	0.008789	38
-0.723768	0.523840	0.039062	0.001526	31
-0.728482	0.530687	0.171875	0.029541	29
-0.711438	0.506144	0.046875	0.002197	38
-0.723905	0.524039	0.023438	0.000549	40
-0.756044	0.571603	0.023438	0.000549	23
-0.724516	0.524924	0.039062	0.001526	54
-0.718777	0.516640	0.039062	0.001526	51
-0.741901	0.550417	0.007812	0.000061	37
-0.720611	0.519280	0.085938	0.007385	38
-0.747503	0.558761	0.085938	0.007385	21
-0.755004	0.570032	0.039062	0.001526	52
-0.706372	0.498962	0.023438	0.000549	36
-0.722711	0.522312	0.039062	0.001526	80
-0.721308	0.520286	0.031250	0.000977	38
-0.729641	0.532377	0.093750	0.008789	41
-0.760422	0.578241	0.085938	0.007385	24
-0.731970	0.535780	0.015625	0.000244	31
-0.724401	0.524757	0.132812	0.017639	29
-0.729768	0.532561	0.046875	0.002197	29
-0.735480	0.540931	0.015625	0.000244	40
-0.717222	0.514407	0.117188	0.013733	38
-0.743745	0.553157	0.000000	0.000000	30
-0.733941	0.538669	0.015625	0.000244	38
-0.730618	0.533803	0.015625	0.000244	39
-0.752727	0.566598	0.039062	0.001526	44
-0.734204	0.539055	0.070312	0.004944	41
-0.733919	0.538636	0.031250	0.000977	31
-0.710688	0.505077	0.078125	0.006104	40
-0.729501	0.532171	0.000000	0.000000	36
-0.735516	0.540983	0.046875	0.002197	37
-0.737834	0.544399	0.015625	0.000244	33
-0.740757	0.548721	0.046875	0.002197	64
-0.739694	0.547147	0.039062	0.001526	34
-0.721948	0.521208	0.031250	0.000977	29
-0.742753	0.551682	0.039062	0.001526	42
-0.712111	0.507102	0.046875	0.002197	50
-0.742766	0.551701	0.078125	0.006104	51
-0.735981	0.541667	0.000000	0.000000	27
-0.716872	0.513905	0.046875	0.002197	40
-0.746333	0.557013	0.046875	0.002197	41
-0.705548	0.497798	0.156250	0.024414	33
-0.735317	0.540692	0.015625	0.000244	28
-0.757533	0.573857	0.007812	0.000061	32
-0.733124	0.537471	0.023438	0.000549	43
-0.725740	0.526698	0.015625	0.000244	31
-0.724365	0.524704	0.023438	0.000549	34
-0.759061	0.576174	0.062500	0.003906	39
-0.738192	0.544927	0.078125	0.006104	23
-0.736377	0.542251	0.148438	0.022034	40
-0.719663	0.517915	0.015625	0.000244	39
-0.739314	0.546586	0.054688	0.002991	34
-0.730583	0.533751	0.039062	0.001526	28
-0.746120	0.556695	0.078125	0.006104	33
-0.717803	0.515241	0.031250	0.000977	26
-0.755952	0.571464	0.046875	0.002197	27
-0.748672	0.560510	0.007812	0.000061	42
-0.714365	0.510317	0.039062	0.001526	40
-0.759190	0.576370	0.085938	0.007385	42
-0.739539	0.546917	0.015625	0.000244	35
-0.731765	0.535480	0.023438	0.000549	52
-0.734001	0.538757	0.046875	0.002197	25
-0.769090	0.591500	0.093750	0.008789	31
-0.745950	0.556442	0.046875	0.002197	23
-0.735510	0.540975	0.054688	0.002991	24
-0.728074	0.530092	0.031250	0.000977	40
-0.724668	0.525144	0.023438	0.000549	43
-0.743618	0.552968	0.007812	0.000061	32
-0.739944	0.547517	0.062500	0.003906	36
-0.719906	0.518264	0.101562	0.010315	27
-0.735907	0.541558	0.015625	0.000244	81
-0.759333	0.576587	0.062500	0.003906	55
-0.700115	0.490160	0.039062	0.001526	24
-0.710479	0.504781	0.031250	0.000977	37
-0.742339	0.551067	0.093750	0.008789	46
-0.743979	0.553505	0.062500	0.003906	39
-0.719181	0.517222	0.015625	0.000244	22
-0.742335	0.551061	0.015625	0.000244	39
-0.738702	0.545680	0.070312	0.004944	33
-0.728703	0.531008	0.015625	0.000244	40
-0.719078	0.517073	0.062500	0.003906	33
-0.707756	0.500918	0.109375	0.011963	48
-0.742286	0.550988	0.046875	0.002197	36
-0.718450	0.516170	0.062500	0.003906	35
-0.727451	0.529185	0.125000	0.015625	57
-0.721324	0.520309	0.109375	0.011963	39
-0.714142	0.509998	0.015625	0.000244	33
-0.752407	0.566117	0.000000	0.000000	79
-0.747502	0.558759	0.039062	0.001526	24
-0.732251	0.536191	0.140625	0.019775	44
-0.737879	0.544465	0.093750	0.008789	39
-0.726301	0.527513	0.007812	0.000061	33
-0.731553	0.535170	0.062500	0.003906	34
-0.720157	0.518626	0.039062	0.001526	43
-0.735817	0.541427	0.007812	0.000061	36
-0.735869	0.541504	0.046875	0.002197	48
-0.726978	0.528496	0.109375	0.011963	26
-0.721658	0.520790	0.007812	0.000061	37
-0.731996	0.535818	0.015625	0.000244	26
-0.750783	0.563675	0.046875	0.002197	25
-0.737287	0.543592	0.109375	0.011963	30
-0.734825	0.539967	0.031250	0.000977	28
-0.722276	0.521683	0.039062	0.001526	29
-0.760164	0.577849	0.109375	0.011963	28
-0.728028	0.530024	0.039062	0.001526	29
-0.737617	0.544079	0.078125	0.006104	66
-0.732756	0.536931	0.046875	0.002197	41
-0.745546	0.555839	0.039062	0.001526	55
-0.733549	0.538094	0.046875	0.002197	39
-0.732881	0.537114	0.007812	0.000061	28
-0.720369	0.518931	0.054688	0.002991	55
-0.748254	0.559884	0.007812	0.000061	24
-0.730342	0.533400	0.031250	0.000977	37
-0.706795	0.499559	0.062500	0.003906	30
-0.727588	0.529385	0.054688	0.002991	36
-0.727222	0.528852	0.023438	0.000549	28
-0.733214	0.537602	0.039062	0.001526	48
-0.732594	0.536694	0.070312	0.004944	34
-0.733142	0.537498	0.039062	0.001526	26
-0.742407	0.551168	0.031250	0.000977	27
-0.718168	0.515766	0.062500	0.003906	40
-0.719586	0.517804	0.031250	0.000977	27
-0.765343	0.585750	0.046875	0.002197	46
-0.755108	0.570188	0.070312	0.004944	31
-0.712541	0.507714	0.062500	0.003906	30
-0.747880	0.559324	0.023438	0.000549	35
-0.728820	0.531179	0.062500	0.003906	34
-0.732005	0.535832	0.070312	0.004944	32
-0.737551	0.543981	0.039062	0.001526	34
-0.732681	0.536822	0.007812	0.000061	41
-0.710032	0.504146	0.007812	0.000061	25
-0.740190	0.547882	0.023438	0.000549	47
-0.747881	0.559326	0.000000	0.000000	41
-0.737164	0.543411	0.070312	0.004944	28
-0.732144	0.536035	0.039062	0.001526	49
-0.742728	0.551646	0.015625	0.000244	25
-0.748004	0.559510	0.062500	0.003906	28
-0.736368	0.542238	0.046875	0.002197	42
-0.752503	0.566260	0.031250	0.000977	37
-0.734226	0.539088	0.062500	0.003906	57
-0.726842	0.528299	0.117188	0.013733	50
-0.745464	0.555717	0.117188	0.013733	64
-0.733499	0.538020	0.007812	0.000061	31
-0.726323	0.527545	0.000000	0.000000	32
-0.720567	0.519217	0.007812	0.000061	56
-0.733645	0.538236	0.007812	0.000061	41
-0.749587	0.561881	0.070312	0.004944	30
-0.747749	0.559129	0.015625	0.000244	35
-0.731445	0.535012	0.054688	0.002991	29
-0.725667	0.526593	0.023438	0.000549	43
-0.728225	0.530312	0.039062	0.001526	30
-0.734083	0.538877	0.007812	0.000061	27
-0.725501	0.526352	0.007812	0.000061	22
-0.721008	0.519852	0.070312	0.004944	37
-0.750064	0.562596	0.007812	0.000061	34
-0.741188	0.549360	0.085938	0.007385	29
-0.723522	0.523484	0.078125	0.006104	38
-0.756423	0.572176	0.007812	0.000061	25
-0.743594	0.552933	0.125000	0.015625	43
-0.723331	0.523208	0.039062	0.001526	39
-0.734558	0.539575	0.101562	0.010315	37
-0.706513	0.499161	0.054688	0.002991	32
-0.714665	0.510746	0.031250	0.000977	34
-0.722985	0.522708	0.164062	0.026917	53
-0.718982	0.516936	0.078125	0.006104	37
-0.742347	0.551078	0.015625	0.000244	27
-0.719470	0.517636	0.031250	0.000977	40
-0.727802	0.529696	0.062500	0.003906	36
-0.741856	0.550351	0.054688	0.002991	40
-0.752638	0.566465	0.085938	0.007385	39
-0.742157	0.550798	0.023438	0.000549	30
-0.740489	0.548324	0.015625	0.000244	43
-0.739571	0.546965	0.031250	0.000977	48
-0.746202	0.556817	0.031250	0.000977	44
-0.733585	0.538147	0.023438	0.000549	28
-0.737174	0.543426	0.031250	0.000977	38
-0.746329	0.557007	0.007812	0.000061	43
-0.745129	0.555218	0.054688	0.002991	37
-0.716561	0.513460	0.023438	0.000549	41
-0.753263	0.567405	0.085938	0.007385	25
-0.703158	0.494431	0.031250	0.000977	29
-0.730947	0.534283	0.015625	0.000244	82
-0.711185	0.505784	0.015625	0.000244	54
-0.741037	0.549135	0.078125	0.006104	28
-0.725777	0.526753	0.070312	0.004944	30
-0.727286	0.528944	0.046875	0.002197	39
-0.735873	0.541509	0.117188	0.013733	25
-0.728944	0.531359	0.023438	0.000549	58
-0.737041	0.543229	0.007812	0.000061	36
-0.741735	0.550170	0.101562	0.010315	32
-0.729152	0.531663	0.015625	0.000244	36
-0.712280	0.507343	0.023438	0.000549	30
-0.721018	0.519867	0.085938	0.007385	38
-0.758849	0.575851	0.054688	0.002991	27
-0.718680	0.516501	0.085938	0.007385	28
-0.730597	0.533771	0.039062	0.001526	40
-0.735312	0.540683	0.023438	0.000549	28
-0.726582	0.527921	0.156250	0.024414	51
-0.713119	0.508539	0.015625	0.000244	30
-0.732834	0.537045	0.054688	0.002991	31
-0.723159	0.522959	0.078125	0.006104	82
-0.726765	0.528187	0.046875	0.002197	33
-0.742939	0.551958	0.070312	0.004944	54
-0.718991	0.516949	0.093750	0.008789	24
-0.734114	0.538923	0.015625	0.000244	30
-0.743699	0.553088	0.007812	0.000061	33
-0.738665	0.545626	0.085938	0.007385	29
-0.736683	0.542702	0.031250	0.000977	32
-0.720360	0.518918	0.039062	0.001526	44
-0.721575	0.520670	0.085938	0.007385	48
-0.744459	0.554220	0.015625	0.000244	23
-0.733120	0.537465	0.054688	0.002991	39
-0.727411	0.529127	0.000000	0.000000	29
-0.699699	0.489578	0.031250	0.000977	35
-0.736711	0.542743	0.093750	0.008789	33
-0.756675	0.572556	0.070312	0.004944	37
-0.727829	0.529735	0.070312	0.004944	37
-0.757087	0.573181	0.015625	0.000244	22
-0.735555	0.541042	0.054688	0.002991	48
-0.740370	0.548148	0.023438	0.000549	21
-0.743817	0.553263	0.046875	0.002197	33
-0.731592	0.535227	0.039062	0.001526	40
-0.744820	0.554757	0.039062	0.001526	29
-0.730488	0.533613	0.179688	0.032288	31
-0.732146	0.536038	0.046875	0.002197	41
-0.738775	0.545789	0.031250	0.000977	30
-0.744083	0.553659	0.062500	0.003906	38
