# Energy	Energy^2	Magnetic	Magnet^2	Cycles
-0.686055	0.470672	0.000000	0.000000	30
-0.742492	0.551295	0.031250	0.000977	36
-0.716250	0.513014	0.062500	0.003906	19
-0.697314	0.486247	0.046875	0.002197	21
-0.748539	0.560310	0.015625	0.000244	39
-0.743239	0.552404	0.015625	0.000244	34
-0.734820	0.539960	0.234375	0.054932	30
-0.732085	0.535948	0.125000	0.015625	23
-0.725210	0.525929	0.234375	0.054932	45
-0.698959	0.488544	0.093750	0.008789	24
-0.717612	0.514967	0.046875	0.002197	18
-0.732537	0.536610	0.031250	0.000977	45
-0.711744	0.506579	0.000000	0.000000	34
-0.693449	0.480872	0.078125	0.006104	43
-0.709453	0.503323	0.093750	0.008789	45
-0.715111	0.511384	0.046875	0.002197	37
-0.697650	0.486716	0.015625	0.000244	28
-0.744856	0.554811	0.031250	0.000977	27
-0.739906	0.547461	0.078125	0.006104	45
-0.712659	0.507883	0.000000	0.000000	22
-0.772529	0.596801	0.000000	0.000000	32
-0.724503	0.524905	0.031250	0.000977	42
-0.705667	0.497966	0.031250	0.000977	30
-0.696127	0.484592	0.000000	0.000000	20
-0.719258	0.517332	0.093750	0.008789	34
-0.745602	0.555922	0.078125	0.006104	36
-0.703624	0.495087	0.062500	0.003906	33
-0.744558	0.554366	0.093750	0.008789	62
-0.716136	0.512851	0.015625	0.000244	22
-0.729821	0.532639	0.109375	0.011963	34
-0.715964	0.512605	0.031250	0.000977	51
-0.726096	0.527215	0.046875	0.002197	26
-0.738978	0.546088	0.046875	0.002197	22
-0.740304	0.548050	0.031250	0.000977	32
-0.737046	0.543238	0.093750	0.008789	26
-0.741631	0.550016	0.078125	0.006104	71
-0.737882	0.544470	0.156250	0.024414	30
-0.741881	0.550387	0.046875	0.002197	27
-0.736709	0.542740	0.093750	0.008789	29
-0.711107	0.505673	0.046875	0.002197	34
-0.740359	0.548132	0.203125	0.041260	39
-0.709818	0.503841	0.062500	0.003906	20
-0.740853	0.548864	0.093750	0.008789	42
-0.733525	0.538059	0.093750	0.008789	38
-0.682458	0.465748	0.015625	0.000244	66
-0.724993	0.525615	0.015625	0.000244	26
-0.714408	0.510379	0.062500	0.003906	29
-0.703461	0.494858	0.125000	0.015625	36
-0.719080	0.517076	0.015625	0.000244	26
-0.722432	0.521908	0.000000	0.000000	49
-0.727356	0.529047	0.015625	0.000244	45
-0.744078	0.553653	0.046875	0.002197	35
-0.736214	0.542011	0.015625	0.000244	22
-0.697865	0.487015	0.156250	0.024414	28
-0.722335	0.521768	0.140625	0.019775	31
-0.730372	0.533443	0.125000	0.015625	27
-0.674757	0.455297	0.031250	0.000977	47
-0.710411	0.504684	0.203125	0.041260	21
-0.739708	0.547168	0.109375	0.011963	26
-0.760791	0.578803	0.015625	0.000244	24
-0.727188	0.528803	0.140625	0.019775	28
-0.720368	0.518930	0.093750	0.008789	31
-0.719554	0.517758	0.078125	0.006104	45
-0.722154	0.521506	0.046875	0.002197	26
-0.725211	0.525932	0.078125	0.006104	25
-0.730441	0.533543	0.062500	0.003906	25
-0.713206	0.508663	0.015625	0.000244	29
-0.693649	0.481149	0.078125	0.006104	32
-0.733878	0.538577	0.171875	0.029541	32
-0.719018	0.516987	0.109375	0.011963	27
-0.729125	0.531624	0.031250	0.000977	101
-0.711429	0.506131	0.031250	0.000977	40
-0.685263	0.469585	0.109375	0.011963	39
-0.755758	0.571170	0.046875	0.002197	42
-0.722046	0.521350	0.062500	0.003906	34
-0.700097	0.490135	0.062500	0.003906	24
-0.755644	0.570998	0.062500	0.003906	20
-0.710190	0.504370	0.000000	0.000000	50
-0.734911	0.540093	0.031250	0.000977	37
-0.724515	0.524921	0.062500	0.003906	21
-0.773670	0.598565	0.156250	0.024414	18
-0.754017	0.568541	0.109375	0.011963	26
-0.706284	0.498837	0.046875	0.002197	27
-0.720531	0.519166	0.140625	0.019775	35
-0.703708	0.495204	0.062500	0.003906	31
-0.712675	0.507906	0.031250	0.000977	42
-0.724670	0.525146	0.031250	0.000977	28
-0.759581	0.576963	0.062500	0.003906	65
-0.743774	0.553199	0.031250	0.000977	46
-0.770849	0.594208	0.062500	0.003906	43
-0.702661	0.493733	0.125000	0.015625	37
-0.738966	0.546071	0.093750	0.008789	22
-0.715692	0.512215	0.031250	0.000977	29
-0.731041	0.534420	0.078125	0.006104	36
-0.720084	0.518520	0.031250	0.000977	24
-0.700423	0.490593	0.062500	0.003906	25
-0.718718	0.516556	0.015625	0.000244	29
-0.736043	0.541759	0.000000	0.000000	33
-0.741512	0.549840	0.140625	0.019775	32
-0.733459	0.537961	0.031250	0.000977	29
-0.714048	0.509864	0.031250	0.000977	36
-0.722010	0.521298	0.125000	0.015625	38
-0.719261	0.517336	0.078125	0.006104	39
-0.718252	0.515886	0.046875	0.002197	29
-0.706733	0.499472	0.093750	0.008789	41
-0.709530	0.503433	0.140625	0.019775	28
-0.729448	0.532095	0.250000	0.062500	32
-0.743044	0.552115	0.109375	0.011963	40
-0.709886	0.503938	0.031250	0.000977	31
-0.707439	0.500470	0.125000	0.015625	31
-0.724744	0.525254	0.140625	0.019775	48
-0.694673	0.482570	0.015625	0.000244	36
-0.710325	0.504562	0.015625	0.000244	29
-0.735019	0.540253	0.187500	0.035156	33
-0.742096	0.550707	0.031250	0.000977	27
-0.711502	0.506235	0.109375	0.011963	27
-0.701739	0.492438	0.093750	0.008789	39
-0.726444	0.527721	0.031250	0.000977	15
-0.736804	0.542880	0.046875	0.002197	61
-0.711672	0.506477	0.015625	0.000244	32
-0.715056	0.511305	0.078125	0.006104	31
-0.720888	0.519679	0.000000	0.000000	47
-0.709246	0.503031	0.046875	0.002197	37
-0.698929	0.488501	0.046875	0.002197	28
-0.744652	0.554507	0.093750	0.008789	31
-0.706463	0.499090	0.171875	0.029541	51
-0.729620	0.532346	0.000000	0.000000	32
-0.704091	0.495744	0.031250	0.000977	26
-0.709791	0.503804	0.062500	0.003906	32
-0.730435	0.533536	0.093750	0.008789	37
-0.747253	0.558388	0.171875	0.029541	31
-0.725055	0.525704	0.031250	0.000977	26
-0.717815	0.515258	0.000000	0.000000	34
-0.744252	0.553910	0.078125	0.006104	22
-0.719700	0.517969	0.093750	0.008789	30
-0.709341	0.503164	0.015625	0.000244	31
-0.712544	0.507719	0.171875	0.029541	31
-0.725950	0.527003	0.031250	0.000977	25
-0.684133	0.468038	0.078125	0.006104	30
-0.708963	0.502628	0.093750	0.008789	29
-0.699052	0.488674	0.015625	0.000244	28
-0.724537	0.524954	0.109375	0.011963	29
-0.756286	0.571969	0.109375	0.011963	17
-0.762003	0.580649	0.125000	0.015625	30
-0.703795	0.495328	0.031250	0.000977	29
-0.737413	0.543778	0.046875	0.002197	29
-0.741694	0.550110	0.031250	0.000977	47
-0.716108	0.512810	0.125000	0.015625	46
-0.706907	0.499717	0.046875	0.002197	26
-0.770730	0.594024	0.125000	0.015625	23
-0.743177	0.552312	0.140625	0.019775	54
-0.752114	0.565675	0.015625	0.000244	16
-0.729357	0.531961	0.078125	0.006104	33
-0.745697	0.556064	0.250000	0.062500	35
-0.764941	0.585134	0.125000	0.015625	23
-0.690099	0.476236	0.093750	0.008789	38
-0.753677	0.568029	0.078125	0.006104	36
-0.713217	0.508678	0.015625	0.000244	24
-0.693348	0.480731	0.046875	0.002197	23
-0.711438	0.506144	0.062500	0.003906	30
-0.736151	0.541918	0.078125	0.006104	33
-0.726225	0.527402	0.000000	0.000000	25
-0.725534	0.526399	0.093750	0.008789	26
-0.752144	0.565721	0.187500	0.035156	23
-0.714605	0.510661	0.078125	0.006104	24
-0.750748	0.563622	0.093750	0.008789	33
-0.713869	0.509609	0.046875	0.002197	34
-0.760733	0.578715	0.109375	0.011963	22
-0.692183	0.479117	0.156250	0.024414	19
-0.753302	0.567464	0.062500	0.003906	39
-0.724423	0.524789	0.125000	0.015625	34
-0.718820	0.516703	0.062500	0.003906	28
-0.743799	0.553237	0.015625	0.000244	31
-0.715868	0.512467	0.015625	0.000244	20
-0.744620	0.554460	0.015625	0.000244	31
-0.739156	0.546352	0.000000	0.000000	21
-0.803029	0.644856	0.015625	0.000244	25
-0.750845	0.563769	0.078125	0.006104	34
-0.737823	0.544383	0.015625	0.000244	36
-0.741516	0.549845	0.031250	0.000977	31
-0.708471	0.501931	0.000000	0.000000	30
-0.729247	0.531801	0.093750	0.008789	34
-0.741787	0.550247	0.093750	0.008789	69
-0.705903	0.498299	0.015625	0.000244	39
-0.734126	0.538940	0.062500	0.003906	31
-0.690534	0.476837	0.140625	0.019775	28
-0.690111	0.476253	0.000000	0.000000	22
-0.736031	0.541742	0.078125	0.006104	34
-0.725256	0.525997	0.218750	0.047852	30
-0.730095	0.533039	0.140625	0.019775	27
-0.723562	0.523542	0.046875	0.002197	54
-0.707949	0.501191	0.015625	0.000244	45
-0.707448	0.500483	0.125000	0.015625	33
-0.732889	0.537126	0.109375	0.011963	49
-0.734902	0.540080	0.015625	0.000244	27
-0.725336	0.526113	0.000000	0.000000	36
-0.747491	0.558743	0.156250	0.024414	26
-0.716005	0.512663	0.015625	0.000244	49
-0.731245	0.534719	0.156250	0.024414	35
-0.717557	0.514889	0.171875	0.029541	24
-0.708152	0.501479	0.218750	0.047852	20
-0.731521	0.535123	0.046875	0.002197	33
-0.743640	0.553000	0.078125	0.006104	25
-0.693179	0.480497	0.171875	0.029541	39
-0.719773	0.518073	0.078125	0.006104	34
-0.731816	0.535554	0.062500	0.003906	24
-0.697124	0.485982	0.031250	0.000977	21
-0.718992	0.516950	0.046875	0.002197	35
-0.751538	0.564809	0.015625	0.000244	39
-0.727707	0.529557	0.093750	0.008789	29
-0.736949	0.543094	0.046875	0.002197	30
-0.733022	0.537321	0.062500	0.003906	19
-0.727134	0.528724	0.015625	0.000244	49
-0.763620	0.583115	0.015625	0.000244	32
-0.709238	0.503018	0.015625	0.000244	43
-0.707043	0.499909	0.078125	0.006104	51
-0.697886	0.487045	0.046875	0.002197	29
-0.715075	0.511332	0.046875	0.002197	28
-0.765234	0.585583	0.015625	0.000244	19
-0.758652	0.575553	0.062500	0.003906	20
-0.711776	0.506625	0.015625	0.000244	24
-0.713352	0.508872	0.031250	0.000977	29
-0.712020	0.506972	0.015625	0.000244	49
-0.704633	0.496508	0.015625	0.000244	36
-0.721708	0.520862	0.046875	0.002197	42
-0.762961	0.582109	0.125000	0.015625	36
-0.755843	0.571298	0.125000	0.015625	24
-0.715623	0.512116	0.000000	0.000000	26
-0.726348	0.527582	0.125000	0.015625	32
-0.715260	0.511597	0.187500	0.035156	31
-0.710318	0.504552	0.062500	0.003906	25
-0.700709	0.490993	0.015625	0.000244	44
-0.691808	0.478598	0.125000	0.015625	34
-0.736059	0.541782	0.109375	0.011963	55
-0.762916	0.582041	0.046875	0.002197	32
-0.733093	0.537426	0.015625	0.000244	35
-0.735205	0.540526	0.109375	0.011963	31
-0.758225	0.574905	0.078125	0.006104	51
-0.737317	0.543637	0.046875	0.002197	25
-0.746295	0.556957	0.031250	0.000977	23
-0.708740	0.502313	0.046875	0.002197	38
-0.731160	0.534594	0.093750	0.008789	25
-0.739225	0.546454	0.031250	0.000977	41
-0.722443	0.521924	0.109375	0.011963	35
-0.728314	0.530442	0.015625	0.000244	35
-0.680920	0.463652	0.000000	0.000000	35
-0.704232	0.495942	0.015625	0.000244	28
-0.707629	0.500738	0.109375	0.011963	27
-0.713495	0.509076	0.031250	0.000977	24
-0.742101	0.550713	0.093750	0.008789	21
-0.721614	0.520727	0.046875	0.002197	38
-0.721350	0.520346	0.000000	0.000000	23
-0.712840	0.508141	0.078125	0.006104	49
-0.729572	0.532275	0.046875	0.002197	22
-0.702362	0.493312	0.234375	0.054932	23
-0.700878	0.491230	0.062500	0.003906	24
-0.707319	0.500301	0.031250	0.000977	38
-0.716599	0.513515	0.062500	0.003906	24
-0.709555	0.503468	0.125000	0.015625	23
-0.744516	0.554305	0.078125	0.006104	24
-0.705047	0.497091	0.046875	0.002197	34
-0.722399	0.521860	0.171875	0.029541	27
-0.748624	0.560438	0.046875	0.002197	51
-0.735555	0.541041	0.015625	0.000244	49
-0.704957	0.496965	0.156250	0.024414	40
-0.711545	0.506296	0.250000	0.062500	32
-0.740310	0.548058	0.046875	0.002197	27
-0.739903	0.547457	0.046875	0.002197	20
-0.705381	0.497562	0.031250	0.000977	30
-0.723657	0.523679	0.140625	0.019775	32
-0.739085	0.546247	0.031250	0.000977	35
-0.759555	0.576925	0.031250	0.000977	29
-0.733608	0.538181	0.031250	0.000977	30
-0.745830	0.556263	0.203125	0.041260	48
-0.716368	0.513183	0.015625	0.000244	33
-0.723523	0.523486	0.140625	0.019775	26
-0.722401	0.521864	0.046875	0.002197	46
-0.711357	0.506029	0.031250	0.000977	47
-0.698828	0.488360	0.046875	0.002197	26
-0.745298	0.555469	0.031250	0.000977	37
-0.730815	0.534090	0.031250	0.000977	35
-0.720062	0.518489	0.000000	0.000000	52
-0.704187	0.495879	0.171875	0.029541	50
-0.757496	0.573801	0.093750	0.008789	21
-0.738225	0.544976	0.046875	0.002197	21
-0.745197	0.555319	0.046875	0.002197	38
-0.736305	0.542145	0.093750	0.008789	29
-0.737558	0.543991	0.031250	0.000977	29
-0.753545	0.567830	0.031250	0.000977	32
-0.747478	0.558724	0.125000	0.015625	39
-0.783139	0.613306	0.078125	0.006104	24
-0.693976	0.481603	0.046875	0.002197	46
-0.725157	0.525852	0.015625	0.000244	50
-0.729757	0.532545	0.062500	0.003906	32
-0.720461	0.519064	0.125000	0.015625	27
-0.755847	0.571304	0.078125	0.006104	29
-0.734833	0.539979	0.109375	0.011963	31
-0.769961	0.592841	0.031250	0.000977	25
-0.698924	0.488495	0.000000	0.000000	46
-0.678580	0.460471	0.093750	0.008789	27
-0.733660	0.538256	0.015625	0.000244	27
-0.733341	0.537789	0.000000	0.000000	25
-0.729909	0.532766	0.046875	0.002197	29
-0.700806	0.491129	0.031250	0.000977	33
-0.748262	0.559896	0.000000	0.000000	23
-0.720337	0.518885	0.125000	0.015625	34
-0.706252	0.498792	0.093750	0.008789	27
-0.721772	0.520954	0.140625	0.019775	25
-0.740708	0.548648	0.015625	0.000244	26
-0.705615	0.497893	0.109375	0.011963	31
-0.699615	0.489461	0.062500	0.003906	18
-0.694625	0.482504	0.156250	0.024414	64
-0.710120	0.504270	0.078125	0.006104	24
-0.703545	0.494975	0.015625	0.000244	32
-0.745587	0.555900	0.000000	0.000000	31
-0.749070	0.561106	0.031250	0.000977	22
-0.711332	0.505993	0.015625	0.000244	41
-0.779075	0.606958	0.156250	0.024414	37
-0.708459	0.501914	0.062500	0.003906	27
-0.719319	0.517420	0.109375	0.011963	25
-0.741397	0.549670	0.078125	0.006104	17
-0.723944	0.524095	0.015625	0.000244	26
-0.710761	0.505181	0.093750	0.008789	30
-0.708691	0.502243	0.156250	0.024414	27
-0.751110	0.564167	0.078125	0.006104	31
-0.722464	0.521954	0.031250	0.000977	32
-0.736415	0.542306	0.156250	0.024414	52
-0.743128	0.552239	0.000000	0.000000	22
-0.709192	0.502953	0.015625	0.000244	33
-0.700499	0.490699	0.000000	0.000000	46
-0.748964	0.560947	0.140625	0.019775	30
-0.740386	0.548172	0.031250	0.000977	31
-0.700769	0.491078	0.000000	0.000000	36
-0.685385	0.469753	0.015625	0.000244	29
-0.726310	0.527526	0.078125	0.006104	34
-0.702815	0.493950	0.015625	0.000244	45
-0.753721	0.568095	0.125000	0.015625	44
-0.730205	0.533199	0.109375	0.011963	20
-0.736223	0.542025	0.203125	0.041260	36
-0.697830	0.486966	0.093750	0.008789	16
-0.709438	0.503302	0.093750	0.008789	38
-0.718890	0.516802	0.046875	0.002197	34
-0.711677	0.506484	0.140625	0.019775	20
-0.732808	0.537007	0.031250	0.000977	36
-0.730935	0.534265	0.078125	0.006104	27
-0.713553	0.509158	0.062500	0.003906	41
-0.730458	0.533568	0.171875	0.029541	27
-0.700460	0.490644	0.109375	0.011963	27
-0.713169	0.508610	0.078125	0.006104	26
-0.724373	0.524716	0.000000	0.000000	52
-0.766712	0.587848	0.156250	0.024414	31
-0.721685	0.520830	0.015625	0.000244	32
-0.726560	0.527889	0.140625	0.019775	23
-0.702237	0.493137	0.062500	0.003906	48
-0.730536	0.533682	0.093750	0.008789	21
-0.725596	0.526490	0.046875	0.002197	37
-0.720239	0.518744	0.062500	0.003906	19
-0.739102	0.546272	0.046875	0.002197	48
-0.690133	0.476283	0.000000	0.000000	71
-0.733988	0.538739	0.031250	0.000977	28
-0.722579	0.522121	0.046875	0.002197	52
-0.755449	0.570704	0.031250	0.000977	29
-0.739392	0.546701	0.015625	0.000244	30
-0.719564	0.517772	0.046875	0.002197	39
-0.740061	0.547690	0.265625	0.070557	18
-0.713511	0.509098	0.062500	0.003906	36
-0.744428	0.554174	0.171875	0.029541	29
-0.734924	0.540114	0.046875	0.002197	33
-0.747692	0.559043	0.046875	0.002197	27
-0.751896	0.565348	0.046875	0.002197	31
-0.723336	0.523216	0.093750	0.008789	21
-0.709115	0.502844	0.140625	0.019775	36
-0.705261	0.497392	0.156250	0.024414	30
-0.740130	0.547793	0.015625	0.000244	37
-0.711564	0.506324	0.109375	0.011963	27
-0.720042	0.518461	0.078125	0.006104	45
-0.743709	0.553104	0.109375	0.011963	19
-0.715564	0.512031	0.031250	0.000977	22
-0.754009	0.568530	0.093750	0.008789	23
-0.805611	0.649009	0.031250	0.000977	39
-0.727897	0.529834	0.062500	0.003906	21
-0.718660	0.516472	0.140625	0.019775	31
-0.711748	0.506585	0.000000	0.000000	30
-0.723661	0.523685	0.046875	0.002197	21
-0.720757	0.519490	0.015625	0.000244	39
-0.726255	0.527446	0.140625	0.019775	36
-0.709376	0.503214	0.031250	0.000977	34
-0.694797	0.482743	0.031250	0.000977	29
-0.721832	0.521042	0.000000	0.000000	23
-0.717851	0.515311	0.015625	0.000244	37
-0.710330	0.504568	0.015625	0.000244	26
-0.720060	0.518487	0.125000	0.015625	24
-0.719335	0.517442	0.046875	0.002197	78
-0.737738	0.544257	0.046875	0.002197	41
-0.682180	0.465370	0.062500	0.003906	49
-0.753978	0.568482	0.093750	0.008789	33
-0.701757	0.492463	0.015625	0.000244	30
-0.720856	0.519633	0.156250	0.024414	36
-0.721056	0.519921	0.062500	0.003906	23
-0.720342	0.518893	0.093750	0.008789	23
-0.693651	0.481151	0.046875	0.002197	39
-0.730218	0.533218	0.015625	0.000244	43
-0.715348	0.511723	0.109375	0.011963	24
-0.718113	0.515687	0.078125	0.006104	26
-0.675179	0.455867	0.140625	0.019775	34
-0.702106	0.492953	0.031250	0.000977	25
-0.698831	0.488365	0.093750	0.008789	26
-0.693411	0.480820	0.109375	0.011963	28
-0.712202	0.507232	0.156250	0.024414	28
-0.726144	0.527285	0.187500	0.035156	36
-0.731121	0.534538	0.046875	0.002197	42
-0.699374	0.489124	0.187500	0.035156	29
-0.727439	0.529168	0.093750	0.008789	25
-0.710180	0.504355	0.031250	0.000977	44
-0.700583	0.490817	0.015625	0.000244	33
-0.708173	0.501509	0.031250	0.000977	63
-0.727189	0.528803	0.046875	0.002197	27
-0.735356	0.540748	0.000000	0.000000	45
-0.704109	0.495769	0.015625	0.000244	34
-0.754158	0.568754	0.046875	0.002197	27
-0.695260	0.483387	0.031250	0.000977	24
-0.722647	0.522218	0.125000	0.015625	47
-0.736736	0.542780	0.125000	0.015625	36
-0.747881	0.559326	0.093750	0.008789	39
-0.741059	0.549169	0.031250	0.000977	26
-0.717769	0.515192	0.109375	0.011963	28
-0.771234	0.594802	0.046875	0.002197	20
-0.749050	0.561076	0.015625	0.000244	37
-0.733921	0.538641	0.078125	0.006104	31
-0.731341	0.534859	0.031250	0.000977	43
-0.731032	0.534408	0.125000	0.015625	25
-0.800139	0.640222	0.062500	0.003906	50
-0.721198	0.520127	0.062500	0.003906	37
-0.739641	0.547069	0.140625	0.019775	21
-0.731343	0.534863	0.093750	0.008789	54
-0.733378	0.537843	0.031250	0.000977	60
-0.720210	0.518703	0.015625	0.000244	35
-0.757035	0.573101	0.000000	0.000000	29
-0.699826	0.489756	0.031250	0.000977	58
-0.729192	0.531720	0.078125	0.006104	37
-0.697542	0.486565	0.000000	0.000000	47
-0.727209	0.528834	0.109375	0.011963	29
-0.683291	0.466887	0.046875	0.002197	25
-0.730029	0.532942	0.046875	0.002197	25
-0.713950	0.509725	0.078125	0.006104	28
-0.722956	0.522666	0.046875	0.002197	50
-0.710855	0.505315	0.015625	0.000244	36
-0.736479	0.542401	0.015625	0.000244	32
-0.690786	0.477186	0.046875	0.002197	30
-0.734697	0.539780	0.078125	0.006104	39
-0.727204	0.528825	0.000000	0.000000	35
-0.764893	0.585061	0.109375	0.011963	23
-0.714588	0.510636	0.046875	0.002197	39
-0.727951	0.529913	0.015625	0.000244	52
-0.725496	0.526345	0.078125	0.006104	36
-0.701118	0.491567	0.109375	0.011963	29
-0.730946	0.534282	0.062500	0.003906	34
-0.750009	0.562514	0.109375	0.011963	21
-0.747429	0.558649	0.078125	0.006104	29
-0.732302	0.536266	0.031250	0.000977	36
-0.735201	0.540521	0.031250	0.000977	34
-0.724942	0.525541	0.015625	0.000244	37
-0.713929	0.509695	0.000000	0.000000	27
-0.753705	0.568071	0.015625	0.000244	30
-0.712983	0.508345	0.046875	0.002197	32
-0.738882	0.545947	0.031250	0.000977	47
-0.745435	0.555673	0.031250	0.000977	29
-0.738222	0.544972	0.046875	0.002197	27
-0.736914	0.543042	0.125000	0.015625	86
-0.685044	0.469285	0.078125	0.006104	21
-0.734045	0.538822	0.125000	0.015625	25
-0.728168	0.530229	0.031250	0.000977	33
-0.734603	0.539641	0.140625	0.019775	26
-0.710695	0.505087	0.109375	0.011963	48
-0.730525	0.533667	0.109375	0.011963	23
-0.701012	0.491418	0.171875	0.029541	24
-0.715934	0.512561	0.250000	0.062500	23
-0.719611	0.517839	0.031250	0.000977	22
-0.743060	0.552138	0.093750	0.008789	26
-0.723668	0.523695	0.015625	0.000244	30
-0.717501	0.514808	0.062500	0.003906	46
-0.715937	0.512565	0.078125	0.006104	40
-0.703833	0.495380	0.031250	0.000977	22
-0.707808	0.500992	0.031250	0.000977	40
-0.704876	0.496850	0.078125	0.006104	49
-0.712094	0.507078	0.000000	0.000000	34
-0.724077	0.524288	0.109375	0.011963	43
-0.757615	0.573981	0.046875	0.002197	45
-0.710263	0.504473	0.140625	0.019775	48
-0.706377	0.498969	0.125000	0.015625	16
-0.732206	0.536126	0.015625	0.000244	34
-0.757890	0.574397	0.062500	0.003906	37
-0.752188	0.565787	0.015625	0.000244	27
-0.735697	0.541250	0.046875	0.002197	40
-0.726360	0.527599	0.031250	0.000977	36
-0.739760	0.547244	0.125000	0.015625	31
-0.746959	0.557948	0.062500	0.003906	52
-0.720904	0.519703	0.125000	0.015625	36
-0.744772	0.554685	0.046875	0.002197	32
-0.690660	0.477011	0.062500	0.003906	23
-0.697669	0.486741	0.031250	0.000977	38
-0.718974	0.516923	0.078125	0.006104	33
-0.721935	0.521191	0.031250	0.000977	33
-0.711731	0.506561	0.015625	0.000244	43
-0.726034	0.527125	0.203125	0.041260	32
-0.743119	0.552226	0.125000	0.015625	27
-0.725626	0.526534	0.031250	0.000977	44
-0.736042	0.541758	0.046875	0.002197	60
-0.744970	0.554981	0.015625	0.000244	26
-0.698886	0.488442	0.093750	0.008789	22
-0.706693	0.499415	0.015625	0.000244	29
-0.697801	0.486926	0.062500	0.003906	53
-0.743966	0.553485	0.078125	0.006104	41
-0.705238	0.497361	0.062500	0.003906	26
-0.734417	0.539368	0.125000	0.015625	21
-0.734258	0.539135	0.125000	0.015625	43
-0.718189	0.515796	0.203125	0.041260	34
-0.749885	0.562328	0.031250	0.000977	30
-0.712192	0.507217	0.125000	0.015625	24
-0.712181	0.507202	0.015625	0.000244	39
-0.736322	0.542170	0.203125	0.041260	31
-0.730510	0.533644	0.015625	0.000244	63
-0.718389	0.516083	0.031250	0.000977	23
-0.729412	0.532042	0.078125	0.006104	28
-0.724667	0.525142	0.031250	0.000977	40
-0.723433	0.523355	0.015625	0.000244	24
-0.723970	0.524132	0.062500	0.003906	43
-0.689127	0.474897	0.109375	0.011963	35
-0.727198	0.528816	0.062500	0.003906	25
-0.686385	0.471124	0.078125	0.006104	30
-0.735093	0.540362	0.140625	0.019775	33
-0.726210	0.527381	0.109375	0.011963	56
-0.735270	0.540623	0.125000	0.015625	24
-0.711151	0.505736	0.093750	0.008789	42
-0.724838	0.525390	0.046875	0.002197	25
-0.743988	0.553518	0.125000	0.015625	33
-0.713350	0.508869	0.109375	0.011963	38
-0.694973	0.482987	0.078125	0.006104	22
-0.728773	0.531110	0.078125	0.006104	28
-0.713653	0.509300	0.062500	0.003906	40
-0.767799	0.589516	0.156250	0.024414	28
-0.728704	0.531010	0.031250	0.000977	26
-0.763141	0.582384	0.015625	0.000244	26
-0.742861	0.551842	0.046875	0.002197	30
-0.743940	0.553447	0.062500	0.003906	40
-0.736840	0.542933	0.031250	0.000977	36
-0.699807	0.489729	0.109375	0.011963	31
-0.735532	0.541007	0.015625	0.000244	28
-0.735837	0.541456	0.062500	0.003906	30
-0.740870	0.548889	0.031250	0.000977	27
-0.740257	0.547980	0.046875	0.002197	34
-0.725561	0.526439	0.031250	0.000977	35
-0.710537	0.504862	0.015625	0.000244	27
-0.744282	0.553955	0.125000	0.015625	33
-0.718860	0.516760	0.093750	0.008789	30
-0.722566	0.522101	0.218750	0.047852	48
-0.697319	0.486253	0.078125	0.006104	32
-0.722360	0.521804	0.093750	0.008789	72
-0.706767	0.499520	0.015625	0.000244	44
-0.710161	0.504329	0.109375	0.011963	33
-0.721033	0.519889	0.000000	0.000000	45
-0.723933	0.524079	0.015625	0.000244	32
-0.706052	0.498509	0.109375	0.011963	28
-0.760425	0.578247	0.171875	0.029541	22
-0.751787	0.565183	0.031250	0.000977	25
-0.712796	0.508079	0.171875	0.029541	32
-0.706910	0.499722	0.078125	0.006104	45
-0.764155	0.583934	0.000000	0.000000	25
-0.725463	0.526297	0.000000	0.000000	21
-0.720675	0.519372	0.062500	0.003906	36
-0.717440	0.514721	0.093750	0.008789	47
-0.707172	0.500092	0.140625	0.019775	32
-0.730440	0.533543	0.156250	0.024414	24
-0.710306	0.504534	0.015625	0.000244	24
-0.727803	0.529697	0.156250	0.024414	41
-0.768966	0.591309	0.109375	0.011963	33
-0.708153	0.501481	0.140625	0.019775	34
-0.720863	0.519643	0.031250	0.000977	42
-0.729930	0.532797	0.000000	0.000000	33
-0.716901	0.513947	0.156250	0.024414	27
-0.734338	0.539252	0.000000	0.000000	23
-0.755070	0.570131	0.078125	0.006104	35
-0.716530	0.513416	0.078125	0.006104	28
-0.748765	0.560648	0.093750	0.008789	31
-0.714485	0.510489	0.031250	0.000977	42
-0.765541	0.586054	0.109375	0.011963	34
-0.721286	0.520254	0.171875	0.029541	32
-0.729248	0.531803	0.031250	0.000977	34
-0.730818	0.534095	0.000000	0.000000	24
-0.736694	0.542718	0.015625	0.000244	40
-0.701987	0.492785	0.078125	0.006104	36
-0.688056	0.473421	0.093750	0.008789	27
-0.728785	0.531128	0.093750	0.008789	22
-0.725101	0.525772	0.078125	0.006104	32
-0.721572	0.520666	0.031250	0.000977	48
-0.703618	0.495079	0.109375	0.011963	33
-0.728823	0.531183	0.015625	0.000244	33
-0.718185	0.515790	0.062500	0.003906	39
-0.729187	0.531714	0.125000	0.015625	26
-0.726234	0.527416	0.031250	0.000977	41
-0.723207	0.523028	0.062500	0.003906	31
-0.707849	0.501050	0.046875	0.002197	35
-0.763490	0.582918	0.156250	0.024414	37
-0.698426	0.487799	0.000000	0.000000	47
-0.704645	0.496524	0.078125	0.006104	21
-0.717976	0.515490	0.062500	0.003906	27
-0.742664	0.551550	0.156250	0.024414	34
-0.717606	0.514959	0.109375	0.011963	29
-0.720315	0.518854	0.062500	0.003906	25
-0.766412	0.587388	0.062500	0.003906	27
-0.723875	0.523995	0.078125	0.006104	34
-0.696472	0.485073	0.015625	0.000244	45
-0.715611	0.512100	0.046875	0.002197	21
-0.704036	0.495667	0.000000	0.000000	30
-0.718434	0.516148	0.140625	0.019775	25
-0.719919	0.518283	0.078125	0.006104	34
-0.701443	0.492022	0.046875	0.002197	34
-0.721455	0.520498	0.187500	0.035156	58
-0.697984	0.487182	0.093750	0.008789	40
-0.752502	0.566259	0.015625	0.000244	42
-0.725815	0.526807	0.156250	0.024414	44
-0.716094	0.512790	0.000000	0.000000	48
-0.751945	0.565422	0.062500	0.003906	27
-0.700709	0.490994	0.156250	0.024414	24
-0.727477	0.529223	0.078125	0.006104	25
-0.712101	0.507087	0.062500	0.003906	31
-0.737663	0.544147	0.031250	0.000977	36
-0.701719	0.492410	0.125000	0.015625	29
-0.721006	0.519849	0.328125	0.107666	34
-0.724893	0.525469	0.125000	0.015625	23
-0.735239	0.540576	0.140625	0.019775	43
-0.706288	0.498843	0.015625	0.000244	37
-0.706104	0.498582	0.031250	0.000977	48
-0.739187	0.546397	0.234375	0.054932	52
-0.749082	0.561124	0.109375	0.011963	47
-0.730600	0.533776	0.125000	0.015625	26
-0.722471	0.521964	0.015625	0.000244	47
-0.750077	0.562615	0.156250	0.024414	29
-0.734193	0.539040	0.031250	0.000977	27
-0.730474	0.533593	0.031250	0.000977	23
-0.729683	0.532438	0.062500	0.003906	26
-0.707313	0.500291	0.140625	0.019775	28
-0.701358	0.491903	0.078125	0.006104	20
-0.716447	0.513297	0.078125	0.006104	32
-0.727233	0.528868	0.000000	0.000000	23
-0.689369	0.475230	0.000000	0.000000	29
-0.705168	0.497262	0.093750	0.008789	66
-0.695378	0.483551	0.156250	0.024414	19
-0.747546	0.558825	0.000000	0.000000	23
-0.713587	0.509207	0.015625	0.000244	31
-0.753350	0.567537	0.140625	0.019775	22
-0.733551	0.538096	0.125000	0.015625	29
-0.765980	0.586725	0.171875	0.029541	65
-0.743311	0.552512	0.125000	0.015625	30
-0.684016	0.467878	0.015625	0.000244	46
-0.712928	0.508267	0.156250	0.024414	26
-0.729675	0.532426	0.093750	0.008789	37
-0.719754	0.518046	0.031250	0.000977	48
-0.728007	0.529994	0.093750	0.008789	32
-0.712008	0.506956	0.062500	0.003906	38
-0.713791	0.509498	0.015625	0.000244	44
-0.696514	0.485132	0.000000	0.000000	45
-0.720685	0.519386	0.031250	0.000977	58
-0.691940	0.478781	0.093750	0.008789	32
-0.698759	0.488264	0.000000	0.000000	42
-0.704029	0.495657	0.015625	0.000244	48
-0.731955	0.535759	0.000000	0.000000	33
-0.736485	0.542409	0.062500	0.003906	33
-0.690313	0.476531	0.000000	0.000000	25
-0.760872	0.578926	0.031250	0.000977	26
-0.705060	0.497110	0.031250	0.000977	27
-0.715445	0.511862	0.093750	0.008789	29
-0.712609	0.507812	0.031250	0.000977	38
-0.732505	0.536563	0.078125	0.006104	41
-0.745945	0.556434	0.031250	0.000977	36
-0.723034	0.522778	0.093750	0.008789	38
-0.723158	0.522957	0.156250	0.024414	37
-0.704257	0.495977	0.046875	0.002197	63
-0.686870	0.471790	0.156250	0.024414	40
-0.756101	0.571689	0.234375	0.054932	30
-0.717355	0.514598	0.000000	0.000000	39
-0.729282	0.531852	0.078125	0.006104	57
-0.712456	0.507594	0.093750	0.008789	30
-0.740436	0.548246	0.093750	0.008789	36
-0.755085	0.570154	0.000000	0.000000	26
-0.768218	0.590159	0.109375	0.011963	19
-0.697682	0.486761	0.171875	0.029541	25
-0.702583	0.493624	0.015625	0.000244	23
-0.727546	0.529323	0.046875	0.002197	23
-0.747024	0.558045	0.093750	0.008789	28
-0.673773	0.453970	0.015625	0.000244	29
-0.711599	0.506373	0.000000	0.000000	22
-0.746263	0.556909	0.062500	0.003906	33
-0.716670	0.513616	0.015625	0.000244	66
-0.717935	0.515431	0.000000	0.000000	68
-0.703491	0.494899	0.203125	0.041260	42
-0.733149	0.537507	0.093750	0.008789	31
-0.695595	0.483853	0.015625	0.000244	30
-0.705804	0.498159	0.062500	0.003906	35
-0.739401	0.546714	0.015625	0.000244	23
-0.749045	0.561068	0.140625	0.019775	46
-0.737873	0.544457	0.046875	0.002197	35
-0.770476	0.593633	0.015625	0.000244	31
-0.717868	0.515335	0.078125	0.006104	30
-0.721132	0.520031	0.031250	0.000977	25
-0.760407	0.578219	0.093750	0.008789	37
-0.746832	0.557758	0.000000	0.000000	22
-0.722872	0.522544	0.062500	0.003906	45
-0.717623	0.514983	0.093750	0.008789	27
-0.687573	0.472756	0.062500	0.003906	32
-0.720384	0.518953	0.062500	0.003906	60
-0.727867	0.529790	0.031250	0.000977	60
-0.749042	0.561063	0.031250	0.000977	43
-0.711544	0.506295	0.015625	0.000244	35
-0.728687	0.530984	0.093750	0.008789	29
-0.752169	0.565758	0.015625	0.000244	28
-0.720679	0.519379	0.125000	0.015625	39
-0.727861	0.529781	0.171875	0.029541	21
-0.714308	0.510236	0.109375	0.011963	30
-0.732340	0.536322	0.125000	0.015625	24
-0.723456	0.523389	0.046875	0.002197	32
-0.752424	0.566142	0.015625	0.000244	35
-0.734207	0.539060	0.109375	0.011963	45
-0.732280	0.536235	0.109375	0.011963	29
-0.726147	0.527290	0.093750	0.008789	30
-0.715260	0.511597	0.125000	0.015625	51
-0.729180	0.531703	0.078125	0.006104	53
-0.705038	0.497079	0.062500	0.003906	30
-0.728907	0.531306	0.062500	0.003906	19
-0.728588	0.530840	0.015625	0.000244	33
-0.731397	0.534941	0.109375	0.011963	39
-0.687803	0.473073	0.031250	0.000977	28
-0.732231	0.536163	0.250000	0.062500	50
-0.699264	0.488969	0.031250	0.000977	29
-0.724225	0.524503	0.156250	0.024414	23
-0.739187	0.546398	0.109375	0.011963	29
-0.724287	0.524591	0.031250	0.000977	44
-0.745551	0.555847	0.015625	0.000244	39
-0.725846	0.526852	0.078125	0.006104	28
-0.719959	0.518340	0.031250	0.000977	26
-0.694533	0.482376	0.250000	0.062500	43
-0.731304	0.534805	0.015625	0.000244	33
-0.737927	0.544536	0.031250	0.000977	34
-0.732915	0.537165	0.093750	0.008789	37
-0.721938	0.521194	0.109375	0.011963	47
-0.737383	0.543734	0.109375	0.011963	24
-0.735925	0.541586	0.250000	0.062500	36
-0.706854	0.499642	0.078125	0.006104	26
-0.750708	0.563562	0.046875	0.002197	27
-0.681067	0.463853	0.093750	0.008789	23
-0.703046	0.494273	0.015625	0.000244	32
-0.706608	0.499295	0.062500	0.003906	34
-0.689296	0.475129	0.000000	0.000000	40
-0.724169	0.524421	0.031250	0.000977	31
-0.723860	0.523974	0.093750	0.008789	25
-0.712729	0.507982	0.015625	0.000244	83
-0.748449	0.560176	0.125000	0.015625	36
-0.707247	0.500199	0.078125	0.006104	29
-0.709819	0.503843	0.109375	0.011963	29
-0.695605	0.483866	0.015625	0.000244	40
-0.742468	0.551259	0.187500	0.035156	58
-0.751244	0.564368	0.031250	0.000977	34
-0.734705	0.539792	0.015625	0.000244	31
-0.715440	0.511855	0.046875	0.002197	55
-0.726759	0.528179	0.046875	0.002197	28
-0.740692	0.548625	0.000000	0.000000	44
-0.759153	0.576314	0.031250	0.000977	20
-0.731233	0.534702	0.031250	0.000977	32
-0.739289	0.546549	0.046875	0.002197	61
-0.705829	0.498195	0.078125	0.006104	39
-0.723918	0.524057	0.000000	0.000000	32
-0.712796	0.508078	0.109375	0.011963	38
-0.689627	0.475585	0.031250	0.000977	26
-0.721754	0.520928	0.031250	0.000977	26
-0.747987	0.559485	0.062500	0.003906	35
-0.742795	0.551745	0.078125	0.006104	36
-0.725141	0.525829	0.125000	0.015625	51
-0.706069	0.498533	0.140625	0.019775	30
-0.770009	0.592914	0.109375	0.011963	36
-0.713455	0.509018	0.062500	0.003906	26
-0.752022	0.565538	0.031250	0.000977	36
-0.703171	0.494449	0.078125	0.006104	31
-0.737256	0.543546	0.000000	0.000000	33
-0.727818	0.529720	0.062500	0.003906	43
-0.714004	0.509802	0.062500	0.003906	66
-0.707793	0.500971	0.000000	0.000000	22
-0.733747	0.538385	0.031250	0.000977	46
-0.703821	0.495364	0.078125	0.006104	29
-0.754952	0.569953	0.031250	0.000977	31
-0.726830	0.528282	0.062500	0.003906	30
-0.698411	0.487778	0.015625	0.000244	27
-0.715797	0.512365	0.203125	0.041260	77
-0.724460	0.524843	0.046875	0.002197	34
-0.748775	0.560664	0.140625	0.019775	25
-0.720319	0.518859	0.031250	0.000977	22
-0.731496	0.535086	0.062500	0.003906	31
-0.695654	0.483935	0.015625	0.000244	27
-0.736355	0.542218	0.093750	0.008789	26
-0.722490	0.521992	0.031250	0.000977	43
-0.745752	0.556146	0.031250	0.000977	17
-0.720924	0.519732	0.078125	0.006104	39
-0.784241	0.615034	0.046875	0.002197	27
-0.720902	0.519700	0.015625	0.000244	35
-0.719040	0.517018	0.000000	0.000000	74
-0.738267	0.545039	0.031250	0.000977	45
-0.699840	0.489776	0.078125	0.006104	26
-0.703864	0.495425	0.000000	0.000000	27
-0.710327	0.504565	0.109375	0.011963	65
-0.678181	0.459929	0.015625	0.000244	33
-0.729555	0.532251	0.062500	0.003906	32
-0.707034	0.499897	0.062500	0.003906	13
-0.747624	0.558942	0.015625	0.000244	45
-0.720849	0.519623	0.046875	0.002197	38
-0.708511	0.501987	0.093750	0.008789	24
-0.743630	0.552985	0.171875	0.029541	57
-0.708793	0.502387	0.078125	0.006104	26
-0.735683	0.541230	0.046875	0.002197	76
-0.734483	0.539466	0.046875	0.002197	42
-0.733756	0.538398	0.015625	0.000244	17
-0.735216	0.540542	0.046875	0.002197	28
-0.750583	0.563374	0.078125	0.006104	20
-0.719760	0.518054	0.015625	0.000244	37
-0.725260	0.526002	0.015625	0.000244	33
-0.734587	0.539619	0.046875	0.002197	40
-0.747953	0.559434	0.031250	0.000977	30
-0.745997	0.556512	0.078125	0.006104	37
-0.689444	0.475334	0.093750	0.008789	37
-0.741978	0.550532	0.015625	0.000244	29
-0.785951	0.617719	0.093750	0.008789	22
-0.728093	0.530120	0.062500	0.003906	27
-0.703459	0.494854	0.046875	0.002197	30
-0.739714	0.547177	0.140625	0.019775	32
-0.754879	0.569842	0.015625	0.000244	54
-0.721974	0.521246	0.171875	0.029541	30
-0.773218	0.597866	0.062500	0.003906	34
-0.727582	0.529375	0.156250	0.024414	41
-0.726072	0.527181	0.015625	0.000244	22
-0.727641	0.529461	0.046875	0.002197	33
-0.717942	0.515440	0.109375	0.011963	31
-0.736956	0.543104	0.031250	0.000977	31
-0.711078	0.505632	0.109375	0.011963	43
-0.696791	0.485517	0.093750	0.008789	16
-0.715571	0.512041	0.093750	0.008789	46
-0.717090	0.514219	0.156250	0.024414	54
-0.730215	0.533213	0.015625	0.000244	36
-0.716244	0.513006	0.093750	0.008789	24
-0.736652	0.542656	0.031250	0.000977	26
-0.735911	0.541565	0.140625	0.019775	29
-0.705457	0.497670	0.062500	0.003906	30
-0.703511	0.494927	0.062500	0.003906	28
-0.711102	0.505666	0.046875	0.002197	46
-0.711472	0.506192	0.109375	0.011963	25
-0.741933	0.550465	0.000000	0.000000	33
-0.727947	0.529906	0.031250	0.000977	24
-0.716654	0.513593	0.156250	0.024414	44
-0.738593	0.545519	0.062500	0.003906	37
-0.725638	0.526550	0.031250	0.000977	25
-0.711866	0.506753	0.125000	0.015625	22
-0.705052	0.497099	0.078125	0.006104	44
-0.736503	0.542437	0.015625	0.000244	21
-0.695035	0.483073	0.171875	0.029541	41
-0.696235	0.484744	0.125000	0.015625	27
-0.724744	0.525253	0.109375	0.011963	33
-0.736229	0.542033	0.015625	0.000244	22
-0.718364	0.516047	0.062500	0.003906	36
-0.700229	0.490320	0.109375	0.011963	30
-0.756407	0.572152	0.093750	0.008789	32
-0.740037	0.547655	0.015625	0.000244	68
-0.699355	0.489097	0.000000	0.000000	47
-0.717986	0.515504	0.000000	0.000000	40
-0.701554	0.492178	0.171875	0.029541	26
-0.734950	0.540151	0.031250	0.000977	29
-0.748163	0.559748	0.078125	0.006104	32
-0.699089	0.488726	0.062500	0.003906	29
-0.732242	0.536178	0.156250	0.024414	24
-0.741311	0.549541	0.062500	0.003906	22
-0.720310	0.518846	0.062500	0.003906	32
-0.732355	0.536344	0.031250	0.000977	27
-0.717503	0.514811	0.015625	0.000244	26
-0.733884	0.538585	0.031250	0.000977	47
-0.719738	0.518022	0.062500	0.003906	32
-0.723095	0.522866	0.093750	0.008789	29
-0.778235	0.605649	0.015625	0.000244	34
-0.738572	0.545489	0.031250	0.000977	35
-0.747791	0.559192	0.093750	0.008789	43
-0.699582	0.489415	0.062500	0.003906	62
-0.689095	0.474852	0.046875	0.002197	34
-0.764546	0.584531	0.078125	0.006104	33
-0.724124	0.524356	0.093750	0.008789	47
-0.752041	0.565566	0.031250	0.000977	24
-0.710023	0.504133	0.078125	0.006104	44
-0.737289	0.543596	0.156250	0.024414	40
-0.725353	0.526137	0.046875	0.002197	33
-0.718033	0.515571	0.125000	0.015625	48
-0.729702	0.532465	0.078125	0.006104	26
-0.742500	0.551307	0.062500	0.003906	36
-0.714946	0.511147	0.109375	0.011963	27
-0.722435	0.521912	0.078125	0.006104	31
-0.710287	0.504508	0.078125	0.006104	28
-0.738091	0.544778	0.000000	0.000000	32
-0.791585	0.626607	0.125000	0.015625	32
-0.726040	0.527135	0.062500	0.003906	39
-0.687136	0.472156	0.031250	0.000977	33
-0.711589	0.506360	0.046875	0.002197	36
-0.743264	0.552441	0.046875	0.002197	22
-0.721851	0.521068	0.015625	0.000244	46
-0.700717	0.491005	0.046875	0.002197	42
-0.733612	0.538186	0.078125	0.006104	38
-0.742873	0.551860	0.015625	0.000244	36
-0.715189	0.511496	0.109375	0.011963	36
-0.709073	0.502784	0.062500	0.003906	44
-0.755485	0.570757	0.140625	0.019775	40
-0.696037	0.484468	0.093750	0.008789	28
-0.713861	0.509598	0.031250	0.000977	38
-0.743171	0.552303	0.000000	0.000000	51
-0.727796	0.529687	0.015625	0.000244	51
-0.721520	0.520592	0.046875	0.002197	23
-0.712485	0.507634	0.031250	0.000977	43
-0.727013	0.528548	0.046875	0.002197	35
-0.726164	0.527314	0.015625	0.000244	47
-0.746885	0.557837	0.062500	0.003906	24
-0.707524	0.500590	0.062500	0.003906	40
-0.708298	0.501687	0.062500	0.003906	31
-0.698442	0.487821	0.218750	0.047852	26
-0.751388	0.564584	0.046875	0.002197	32
-0.738878	0.545940	0.140625	0.019775	49
-0.720034	0.518449	0.015625	0.000244	33
-0.729647	0.532385	0.093750	0.008789	39
-0.726948	0.528454	0.031250	0.000977	42
-0.718905	0.516825	0.031250	0.000977	26
-0.739104	0.546275	0.015625	0.000244	50
-0.709436	0.503300	0.031250	0.000977	68
-0.720598	0.519261	0.062500	0.003906	34
-0.703934	0.495523	0.093750	0.008789	48
-0.696513	0.485130	0.093750	0.008789	39
-0.734349	0.539269	0.015625	0.000244	48
-0.734467	0.539442	0.046875	0.002197	25
-0.707521	0.500587	0.171875	0.029541	31
-0.709692	0.503662	0.046875	0.002197	25
-0.723275	0.523126	0.125000	0.015625	40
-0.731837	0.535586	0.031250	0.000977	26
-0.692194	0.479133	0.125000	0.015625	28
-0.675856	0.456781	0.171875	0.029541	29
-0.743334	0.552546	0.015625	0.000244	33
-0.671759	0.451260	0.093750	0.008789	43
-0.737734	0.544252	0.140625	0.019775	28
-0.719484	0.517657	0.171875	0.029541	36
-0.721752	0.520925	0.015625	0.000244	44
-0.717857	0.515318	0.015625	0.000244	28
-0.743869	0.553342	0.078125	0.006104	26
-0.720767	0.519505	0.046875	0.002197	38
-0.727628	0.529442	0.031250	0.000977	40
-0.750671	0.563507	0.031250	0.000977	47
-0.723718	0.523768	0.015625	0.000244	37
-0.761072	0.579231	0.046875	0.002197	28
-0.732287	0.536245	0.031250	0.000977	53
-0.723045	0.522794	0.218750	0.047852	38
-0.704860	0.496828	0.062500	0.003906	30
-0.743012	0.552067	0.125000	0.015625	47
-0.687882	0.473182	0.015625	0.000244	84
-0.712813	0.508103	0.000000	0.000000	57
-0.715587	0.512065	0.031250	0.000977	32
-0.728191	0.530262	0.062500	0.003906	66
-0.724810	0.525350	0.015625	0.000244	45
-0.736392	0.542273	0.015625	0.000244	29
-0.741303	0.549530	0.093750	0.008789	23
-0.753779	0.568182	0.062500	0.003906	34
-0.696729	0.485431	0.046875	0.002197	45
-0.740283	0.548018	0.015625	0.000244	18
-0.736638	0.542636	0.109375	0.011963	25
-0.733135	0.537487	0.015625	0.000244	25
-0.732197	0.536112	0.031250	0.000977	22
-0.711414	0.506109	0.109375	0.011963	25
-0.746705	0.557568	0.015625	0.000244	55
-0.730598	0.533774	0.187500	0.035156	72
-0.723432	0.523354	0.046875	0.002197	30
-0.749264	0.561396	0.046875	0.002197	37
-0.734036	0.538809	0.156250	0.024414	23
-0.720384	0.518952	0.140625	0.019775	27
-0.721106	0.519994	0.234375	0.054932	30
-0.742885	0.551879	0.031250	0.000977	37
-0.715580	0.512055	0.062500	0.003906	31
-0.736207	0.542000	0.062500	0.003906	28
-0.727099	0.528672	0.093750	0.008789	26
-0.722851	0.522514	0.000000	0.000000	37
-0.724242	0.524526	0.015625	0.000244	25
-0.690255	0.476453	0.093750	0.008789	85
-0.727787	0.529673	0.062500	0.003906	29
-0.727820	0.529723	0.015625	0.000244	21
-0.731446	0.535013	0.078125	0.006104	34
-0.737097	0.543312	0.062500	0.003906	18
-0.726615	0.527969	0.140625	0.019775	30
-0.695880	0.484249	0.046875	0.002197	33
-0.715175	0.511475	0.015625	0.000244	26
-0.760745	0.578732	0.046875	0.002197	34
-0.731734	0.535435	0.015625	0.000244	24
-0.770839	0.594193	0.156250	0.024414	28
-0.713860	0.509596	0.000000	0.000000	54
-0.697602	0.486649	0.093750	0.008789	25
-0.734224	0.539085	0.062500	0.003906	32
