# Energy	Energy^2	Magnetic	Magnet^2
-0.699117	0.488765	0.125000	0.015625
-0.604444	0.365353	0.187500	0.035156
-0.661295	0.437311	0.000000	0.000000
-0.706178	0.498688	0.250000	0.062500
-0.592177	0.350674	0.187500	0.035156
-0.702416	0.493388	0.187500	0.035156
-0.697626	0.486683	0.187500	0.035156
-0.658742	0.433941	0.312500	0.097656
-0.751130	0.564196	0.187500	0.035156
-0.645883	0.417165	0.062500	0.003906
-0.652569	0.425846	0.000000	0.000000
-0.663672	0.440461	0.062500	0.003906
-0.674555	0.455024	0.312500	0.097656
-0.688201	0.473620	0.062500	0.003906
-0.666909	0.444768	0.187500	0.035156
-0.648285	0.420274	0.312500	0.097656
-0.642546	0.412865	0.125000	0.015625
-0.718766	0.516624	0.062500	0.003906
-0.679982	0.462376	0.062500	0.003906
-0.728366	0.530517	0.312500	0.097656
-0.692685	0.479813	0.062500	0.003906
-0.656636	0.431171	0.062500	0.003906
-0.709095	0.502816	0.125000	0.015625
-0.662136	0.438425	0.125000	0.015625
-0.707310	0.500287	0.062500	0.003906
-0.620858	0.385465	0.187500	0.035156
-0.709036	0.502732	0.062500	0.003906
-0.754473	0.569229	0.125000	0.015625
-0.691292	0.477884	0.375000	0.140625
-0.698953	0.488535	0.312500	0.097656
-0.670572	0.449667	0.437500	0.191406
-0.681943	0.465046	0.187500	0.035156
-0.610510	0.372723	0.062500	0.003906
-0.675953	0.456913	0.062500	0.003906
-0.712812	0.508102	0.187500	0.035156
-0.688836	0.474495	0.062500	0.003906
-0.664908	0.442102	0.000000	0.000000
-0.693536	0.480992	0.375000	0.140625
-0.689999	0.476098	0.250000	0.062500
-0.712101	0.507089	0.000000	0.000000
-0.607977	0.369637	0.062500	0.003906
-0.696804	0.485536	0.000000	0.000000
-0.727420	0.529140	0.312500	0.097656
-0.719556	0.517762	0.000000	0.000000
-0.662168	0.438466	0.312500	0.097656
-0.653471	0.427024	0.250000	0.062500
-0.647970	0.419865	0.062500	0.003906
-0.679378	0.461555	0.125000	0.015625
-0.660582	0.436368	0.187500	0.035156
-0.658950	0.434214	0.125000	0.015625
-0.748144	0.559720	0.125000	0.015625
-0.645520	0.416697	0.187500	0.035156
-0.669052	0.447631	0.062500	0.003906
-0.650598	0.423277	0.375000	0.140625
-0.628670	0.395226	0.062500	0.003906
-0.619483	0.383759	0.062500	0.003906
-0.658014	0.432983	0.250000	0.062500
-0.725840	0.526843	0.000000	0.000000
-0.689190	0.474983	0.125000	0.015625
-0.721960	0.521226	0.375000	0.140625
-0.692290	0.479265	0.125000	0.015625
-0.677037	0.458379	0.062500	0.003906
-0.647496	0.419250	0.125000	0.015625
-0.661824	0.438011	0.062500	0.003906
-0.679573	0.461819	0.062500	0.003906
-0.786959	0.619305	0.125000	0.015625
-0.730099	0.533044	0.125000	0.015625
-0.712172	0.507189	0.250000	0.062500
-0.676246	0.457308	0.062500	0.003906
-0.622467	0.387465	0.000000	0.000000
-0.661134	0.437098	0.250000	0.062500
-0.717203	0.514380	0.062500	0.003906
-0.678126	0.459855	0.187500	0.035156
-0.678636	0.460547	0.312500	0.097656
-0.633810	0.401715	0.312500	0.097656
-0.704916	0.496906	0.187500	0.035156
-0.692766	0.479925	0.375000	0.140625
-0.669747	0.448561	0.125000	0.015625
-0.778765	0.606474	0.375000	0.140625
-0.718123	0.515700	0.187500	0.035156
-0.737336	0.543664	0.000000	0.000000
-0.752397	0.566101	0.125000	0.015625
-0.637256	0.406095	0.125000	0.015625
-0.675314	0.456049	0.062500	0.003906
-0.692520	0.479584	0.125000	0.015625
-0.644363	0.415204	0.312500	0.097656
-0.676964	0.458281	0.062500	0.003906
-0.645930	0.417226	0.062500	0.003906
-0.626486	0.392485	0.187500	0.035156
-0.721468	0.520516	0.125000	0.015625
-0.603633	0.364373	0.125000	0.015625
-0.676636	0.457836	0.250000	0.062500
-0.670092	0.449023	0.187500	0.035156
-0.626724	0.392783	0.062500	0.003906
-0.702919	0.494095	0.187500	0.035156
-0.639481	0.408936	0.312500	0.097656
-0.688018	0.473369	0.187500	0.035156
-0.646355	0.417775	0.062500	0.003906
-0.665113	0.442375	0.062500	0.003906
-0.661348	0.437381	0.187500	0.035156
-0.695894	0.484269	0.125000	0.015625
-0.656813	0.431403	0.062500	0.003906
-0.657230	0.431951	0.187500	0.035156
-0.634481	0.402567	0.125000	0.015625
-0.649607	0.421989	0.187500	0.035156
-0.623072	0.388219	0.062500	0.003906
-0.626945	0.393060	0.062500	0.003906
-0.753100	0.567159	0.187500	0.035156
-0.619419	0.383680	0.312500	0.097656
-0.693759	0.481302	0.437500	0.191406
-0.722668	0.522250	0.062500	0.003906
-0.706642	0.499343	0.125000	0.015625
-0.803920	0.646288	0.187500	0.035156
-0.676016	0.456997	0.125000	0.015625
-0.650567	0.423238	0.125000	0.015625
-0.723603	0.523602	0.125000	0.015625
-0.713274	0.508760	0.062500	0.003906
-0.684049	0.467924	0.312500	0.097656
-0.661997	0.438240	0.125000	0.015625
-0.765496	0.585985	0.187500	0.035156
-0.610770	0.373039	0.375000	0.140625
-0.735023	0.540259	0.000000	0.000000
-0.797346	0.635761	0.125000	0.015625
-0.745937	0.556422	0.125000	0.015625
-0.662974	0.439535	0.187500	0.035156
-0.650258	0.422836	0.125000	0.015625
-0.679636	0.461905	0.125000	0.015625
-0.643754	0.414419	0.250000	0.062500
-0.694658	0.482550	0.250000	0.062500
-0.702986	0.494189	0.312500	0.097656
-0.673355	0.453407	0.375000	0.140625
-0.679999	0.462398	0.062500	0.003906
-0.610742	0.373006	0.437500	0.191406
-0.776559	0.603044	0.312500	0.097656
-0.685984	0.470574	0.125000	0.015625
-0.694261	0.481998	0.062500	0.003906
-0.658009	0.432976	0.000000	0.000000
-0.664619	0.441719	0.125000	0.015625
-0.755963	0.571481	0.125000	0.015625
-0.715786	0.512349	0.250000	0.062500
-0.656915	0.431537	0.000000	0.000000
-0.665672	0.443119	0.250000	0.062500
-0.670500	0.449570	0.187500	0.035156
-0.690852	0.477276	0.062500	0.003906
-0.676315	0.457402	0.187500	0.035156
-0.675329	0.456069	0.312500	0.097656
-0.714447	0.510434	0.000000	0.000000
-0.725336	0.526112	0.000000	0.000000
-0.701598	0.492239	0.250000	0.062500
-0.669240	0.447883	0.187500	0.035156
-0.668438	0.446809	0.062500	0.003906
-0.623658	0.388949	0.062500	0.003906
-0.735431	0.540858	0.000000	0.000000
-0.704835	0.496792	0.187500	0.035156
-0.729831	0.532653	0.062500	0.003906
-0.667132	0.445065	0.000000	0.000000
-0.644479	0.415353	0.062500	0.003906
-0.648480	0.420526	0.125000	0.015625
-0.667221	0.445184	0.000000	0.000000
-0.672136	0.451767	0.250000	0.062500
-0.693333	0.480710	0.062500	0.003906
-0.764770	0.584873	0.250000	0.062500
-0.678115	0.459840	0.062500	0.003906
-0.695905	0.484284	0.125000	0.015625
-0.741230	0.549421	0.000000	0.000000
-0.698166	0.487435	0.062500	0.003906
-0.658718	0.433909	0.250000	0.062500
-0.739994	0.547591	0.125000	0.015625
-0.750333	0.563000	0.125000	0.015625
-0.754986	0.570003	0.375000	0.140625
-0.674151	0.454480	0.062500	0.003906
-0.859184	0.738198	0.187500	0.035156
-0.683079	0.466597	0.062500	0.003906
-0.662334	0.438687	0.125000	0.015625
-0.656664	0.431207	0.187500	0.035156
-0.685378	0.469743	0.062500	0.003906
-0.670459	0.449515	0.187500	0.035156
-0.628790	0.395377	0.125000	0.015625
-0.647911	0.419789	0.000000	0.000000
-0.610888	0.373184	0.062500	0.003906
-0.659707	0.435214	0.375000	0.140625
-0.686618	0.471444	0.062500	0.003906
-0.672987	0.452911	0.187500	0.035156
-0.815784	0.665504	0.187500	0.035156
-0.714008	0.509808	0.250000	0.062500
-0.696115	0.484576	0.187500	0.035156
-0.636665	0.405342	0.062500	0.003906
-0.680005	0.462406	0.062500	0.003906
-0.707930	0.501165	0.125000	0.015625
-0.659566	0.435027	0.250000	0.062500
-0.691927	0.478763	0.062500	0.003906
-0.648609	0.420693	0.187500	0.035156
-0.697975	0.487169	0.187500	0.035156
-0.684504	0.468545	0.250000	0.062500
-0.651680	0.424687	0.312500	0.097656
-0.660325	0.436029	0.000000	0.000000
-0.678922	0.460935	0.125000	0.015625
-0.650849	0.423605	0.187500	0.035156
-0.636756	0.405458	0.187500	0.035156
-0.629188	0.395877	0.187500	0.035156
-0.756594	0.572435	0.000000	0.000000
-0.777326	0.604236	0.312500	0.097656
-0.631199	0.398413	0.437500	0.191406
-0.695629	0.483900	0.062500	0.003906
-0.636124	0.404654	0.125000	0.015625
-0.709536	0.503442	0.375000	0.140625
-0.640893	0.410744	0.062500	0.003906
-0.686212	0.470887	0.250000	0.062500
-0.764641	0.584675	0.187500	0.035156
-0.675522	0.456331	0.187500	0.035156
-0.691262	0.477843	0.125000	0.015625
-0.691952	0.478798	0.125000	0.015625
-0.703732	0.495238	0.187500	0.035156
-0.665056	0.442300	0.187500	0.035156
-0.675545	0.456360	0.312500	0.097656
-0.737737	0.544256	0.062500	0.003906
-0.630567	0.397614	0.125000	0.015625
-0.624812	0.390390	0.250000	0.062500
-0.650954	0.423741	0.250000	0.062500
-0.693615	0.481101	0.187500	0.035156
-0.699257	0.488960	0.062500	0.003906
-0.694620	0.482497	0.375000	0.140625
-0.744620	0.554459	0.187500	0.035156
-0.676625	0.457821	0.125000	0.015625
-0.616747	0.380377	0.125000	0.015625
-0.757181	0.573323	0.062500	0.003906
-0.705463	0.497678	0.125000	0.015625
-0.695166	0.483256	0.125000	0.015625
-0.649862	0.422321	0.250000	0.062500
-0.686397	0.471141	0.125000	0.015625
-0.640083	0.409706	0.187500	0.035156
-0.590407	0.348581	0.062500	0.003906
-0.679351	0.461518	0.062500	0.003906
-0.718691	0.516516	0.000000	0.000000
-0.700039	0.490055	0.125000	0.015625
-0.673224	0.453230	0.250000	0.062500
-0.716802	0.513805	0.125000	0.015625
-0.682193	0.465387	0.187500	0.035156
-0.693564	0.481031	0.062500	0.003906
-0.630109	0.397038	0.000000	0.000000
-0.743516	0.552816	0.000000	0.000000
-0.635429	0.403770	0.125000	0.015625
-0.688333	0.473803	0.125000	0.015625
-0.640624	0.410399	0.187500	0.035156
-0.682714	0.466098	0.000000	0.000000
-0.644231	0.415034	0.062500	0.003906
-0.690128	0.476277	0.187500	0.035156
-0.684594	0.468669	0.125000	0.015625
-0.650149	0.422694	0.250000	0.062500
-0.674681	0.455194	0.312500	0.097656
-0.705291	0.497436	0.312500	0.097656
-0.761256	0.579510	0.187500	0.035156
-0.710945	0.505443	0.125000	0.015625
-0.697727	0.486824	0.000000	0.000000
-0.673642	0.453794	0.250000	0.062500
-0.694337	0.482104	0.250000	0.062500
-0.760221	0.577935	0.000000	0.000000
-0.687756	0.473009	0.062500	0.003906
-0.761322	0.579611	0.125000	0.015625
-0.681010	0.463774	0.000000	0.000000
-0.674924	0.455522	0.187500	0.035156
-0.635000	0.403225	0.062500	0.003906
-0.726879	0.528353	0.125000	0.015625
-0.695798	0.484134	0.250000	0.062500
-0.712274	0.507334	0.125000	0.015625
-0.690586	0.476909	0.062500	0.003906
-0.635964	0.404451	0.062500	0.003906
-0.683026	0.466524	0.187500	0.035156
-0.703910	0.495489	0.375000	0.140625
-0.609954	0.372044	0.062500	0.003906
-0.642276	0.412518	0.250000	0.062500
-0.697522	0.486537	0.062500	0.003906
-0.694938	0.482939	0.062500	0.003906
-0.710667	0.505048	0.187500	0.035156
-0.651591	0.424571	0.062500	0.003906
-0.751254	0.564383	0.000000	0.000000
-0.818709	0.670285	0.187500	0.035156
-0.675830	0.456746	0.062500	0.003906
-0.670325	0.449335	0.187500	0.035156
-0.665657	0.443099	0.062500	0.003906
-0.787156	0.619614	0.125000	0.015625
-0.679947	0.462328	0.000000	0.000000
-0.704506	0.496328	0.187500	0.035156
-0.707620	0.500726	0.250000	0.062500
-0.694876	0.482853	0.375000	0.140625
-0.682517	0.465830	0.187500	0.035156
-0.668652	0.447095	0.125000	0.015625
-0.640308	0.409994	0.187500	0.035156
-0.796975	0.635169	0.000000	0.000000
-0.728156	0.530211	0.000000	0.000000
-0.683933	0.467764	0.125000	0.015625
-0.603972	0.364782	0.000000	0.000000
-0.615271	0.378558	0.062500	0.003906
-0.681175	0.463999	0.000000	0.000000
-0.647310	0.419011	0.062500	0.003906
-0.723395	0.523300	0.375000	0.140625
-0.711270	0.505906	0.437500	0.191406
-0.650674	0.423377	0.125000	0.015625
-0.714232	0.510127	0.125000	0.015625
-0.625793	0.391617	0.062500	0.003906
-0.671043	0.450298	0.062500	0.003906
-0.682349	0.465601	0.187500	0.035156
-0.701839	0.492578	0.062500	0.003906
-0.705783	0.498129	0.187500	0.035156
-0.700592	0.490829	0.125000	0.015625
-0.657577	0.432407	0.000000	0.000000
-0.692906	0.480119	0.062500	0.003906
-0.680169	0.462629	0.125000	0.015625
-0.730335	0.533389	0.062500	0.003906
-0.627914	0.394275	0.125000	0.015625
-0.707156	0.500070	0.062500	0.003906
-0.736491	0.542418	0.125000	0.015625
-0.664122	0.441058	0.125000	0.015625
-0.654177	0.427947	0.375000	0.140625
-0.742926	0.551940	0.125000	0.015625
-0.716509	0.513385	0.375000	0.140625
-0.674893	0.455480	0.062500	0.003906
-0.677747	0.459340	0.062500	0.003906
-0.615862	0.379286	0.125000	0.015625
-0.733109	0.537449	0.187500	0.035156
-0.675838	0.456757	0.000000	0.000000
-0.618929	0.383073	0.250000	0.062500
-0.664426	0.441462	0.062500	0.003906
-0.649054	0.421271	0.062500	0.003906
-0.680635	0.463265	0.062500	0.003906
-0.653364	0.426885	0.062500	0.003906
-0.685394	0.469765	0.062500	0.003906
-0.641748	0.411840	0.187500	0.035156
-0.704859	0.496826	0.250000	0.062500
-0.667324	0.445322	0.062500	0.003906
-0.678725	0.460667	0.062500	0.003906
-0.722138	0.521483	0.000000	0.000000
-0.690778	0.477174	0.000000	0.000000
-0.661550	0.437649	0.062500	0.003906
-0.729062	0.531531	0.187500	0.035156
-0.717219	0.514403	0.250000	0.062500
-0.710309	0.504539	0.062500	0.003906
-0.808970	0.654432	0.000000	0.000000
-0.809896	0.655932	0.062500	0.003906
-0.659858	0.435413	0.125000	0.015625
-0.726096	0.527216	0.062500	0.003906
-0.726813	0.528256	0.125000	0.015625
-0.669511	0.448245	0.000000	0.000000
-0.666578	0.444327	0.312500	0.097656
-0.679355	0.461523	0.312500	0.097656
-0.676320	0.457409	0.250000	0.062500
-0.659254	0.434616	0.250000	0.062500
-0.753956	0.568449	0.250000	0.062500
-0.719565	0.517774	0.500000	0.250000
-0.735244	0.540584	0.187500	0.035156
-0.748497	0.560248	0.125000	0.015625
-0.651325	0.424225	0.062500	0.003906
-0.658613	0.433771	0.125000	0.015625
-0.695184	0.483281	0.062500	0.003906
-0.660231	0.435905	0.312500	0.097656
-0.671403	0.450782	0.187500	0.035156
-0.643009	0.413460	0.062500	0.003906
-0.671112	0.450391	0.062500	0.003906
-0.652304	0.425501	0.000000	0.000000
-0.659192	0.434534	0.250000	0.062500
-0.741159	0.549316	0.125000	0.015625
-0.715604	0.512089	0.375000	0.140625
-0.659341	0.434730	0.125000	0.015625
-0.705930	0.498338	0.062500	0.003906
-0.741573	0.549931	0.187500	0.035156
-0.673463	0.453553	0.125000	0.015625
-0.698300	0.487623	0.062500	0.003906
-0.649511	0.421864	0.250000	0.062500
-0.658777	0.433988	0.375000	0.140625
-0.706467	0.499096	0.250000	0.062500
-0.644156	0.414937	0.062500	0.003906
-0.662590	0.439025	0.187500	0.035156
-0.683491	0.467161	0.125000	0.015625
-0.677586	0.459123	0.187500	0.035156
-0.688562	0.474118	0.125000	0.015625
-0.685635	0.470095	0.062500	0.003906
-0.645350	0.416477	0.062500	0.003906
-0.671970	0.451543	0.125000	0.015625
-0.667311	0.445304	0.062500	0.003906
-0.753903	0.568369	0.187500	0.035156
-0.623248	0.388438	0.125000	0.015625
-0.636860	0.405591	0.187500	0.035156
-0.710594	0.504944	0.250000	0.062500
-0.647217	0.418889	0.187500	0.035156
-0.679379	0.461556	0.062500	0.003906
-0.731410	0.534960	0.000000	0.000000
-0.757762	0.574204	0.312500	0.097656
-0.749941	0.562411	0.312500	0.097656
-0.667339	0.445342	0.250000	0.062500
-0.714743	0.510857	0.125000	0.015625
-0.654491	0.428358	0.187500	0.035156
-0.710445	0.504732	0.062500	0.003906
-0.735777	0.541367	0.062500	0.003906
-0.683893	0.467709	0.062500	0.003906
-0.643709	0.414362	0.000000	0.000000
-0.613035	0.375812	0.375000	0.140625
-0.713994	0.509787	0.062500	0.003906
-0.681588	0.464562	0.062500	0.003906
-0.716876	0.513911	0.375000	0.140625
-0.708591	0.502101	0.250000	0.062500
-0.678586	0.460479	0.250000	0.062500
-0.698913	0.488479	0.062500	0.003906
-0.715451	0.511870	0.125000	0.015625
-0.641276	0.411235	0.062500	0.003906
-0.677724	0.459309	0.125000	0.015625
-0.669638	0.448415	0.062500	0.003906
-0.725583	0.526471	0.125000	0.015625
-0.616851	0.380506	0.125000	0.015625
-0.714248	0.510150	0.125000	0.015625
-0.676956	0.458269	0.250000	0.062500
-0.699372	0.489121	0.062500	0.003906
-0.672170	0.451813	0.000000	0.000000
-0.714823	0.510972	0.375000	0.140625
-0.728922	0.531328	0.000000	0.000000
-0.674056	0.454352	0.062500	0.003906
-0.672635	0.452438	0.062500	0.003906
-0.702491	0.493493	0.250000	0.062500
-0.754497	0.569265	0.187500	0.035156
-0.636272	0.404842	0.125000	0.015625
-0.749825	0.562238	0.250000	0.062500
-0.684127	0.468030	0.187500	0.035156
-0.708361	0.501775	0.125000	0.015625
-0.663327	0.440003	0.062500	0.003906
-0.635646	0.404045	0.312500	0.097656
-0.686280	0.470980	0.250000	0.062500
-0.623997	0.389372	0.062500	0.003906
-0.689786	0.475805	0.062500	0.003906
-0.655148	0.429220	0.000000	0.000000
-0.653599	0.427192	0.125000	0.015625
-0.668699	0.447158	0.062500	0.003906
-0.686343	0.471066	0.375000	0.140625
-0.639845	0.409401	0.187500	0.035156
-0.670529	0.449609	0.187500	0.035156
-0.696857	0.485610	0.187500	0.035156
-0.654522	0.428399	0.125000	0.015625
-0.741014	0.549102	0.062500	0.003906
-0.653778	0.427426	0.000000	0.000000
-0.714986	0.511204	0.000000	0.000000
-0.655746	0.430003	0.437500	0.191406
-0.657566	0.432393	0.125000	0.015625
-0.652171	0.425327	0.062500	0.003906
-0.702683	0.493763	0.062500	0.003906
-0.660040	0.435653	0.062500	0.003906
-0.665871	0.443384	0.000000	0.000000
-0.687047	0.472034	0.000000	0.000000
-0.647279	0.418970	0.187500	0.035156
-0.748173	0.559763	0.125000	0.015625
-0.743274	0.552456	0.000000	0.000000
-0.739165	0.546365	0.062500	0.003906
-0.695347	0.483507	0.375000	0.140625
-0.708731	0.502299	0.125000	0.015625
-0.725102	0.525773	0.062500	0.003906
-0.756935	0.572951	0.250000	0.062500
-0.688646	0.474233	0.187500	0.035156
-0.659623	0.435103	0.125000	0.015625
-0.705441	0.497647	0.125000	0.015625
-0.653484	0.427041	0.187500	0.035156
-0.640621	0.410396	0.062500	0.003906
-0.678457	0.460304	0.125000	0.015625
-0.630173	0.397119	0.250000	0.062500
-0.620678	0.385241	0.000000	0.000000
-0.633029	0.400725	0.125000	0.015625
-0.668757	0.447235	0.062500	0.003906
-0.667852	0.446026	0.375000	0.140625
-0.681792	0.464840	0.062500	0.003906
-0.649234	0.421504	0.125000	0.015625
-0.748974	0.560962	0.062500	0.003906
-0.709949	0.504028	0.062500	0.003906
-0.694087	0.481756	0.000000	0.000000
-0.637510	0.406418	0.125000	0.015625
-0.674940	0.455544	0.375000	0.140625
-0.707960	0.501208	0.000000	0.000000
-0.684181	0.468104	0.062500	0.003906
-0.691157	0.477697	0.062500	0.003906
-0.691085	0.477598	0.250000	0.062500
-0.726445	0.527722	0.062500	0.003906
-0.767917	0.589697	0.062500	0.003906
-0.677561	0.459089	0.125000	0.015625
-0.618834	0.382956	0.062500	0.003906
-0.682618	0.465968	0.125000	0.015625
-0.652221	0.425393	0.250000	0.062500
-0.630891	0.398023	0.062500	0.003906
-0.680533	0.463125	0.062500	0.003906
-0.660523	0.436291	0.250000	0.062500
-0.674087	0.454393	0.375000	0.140625
-0.711024	0.505556	0.000000	0.000000
-0.689946	0.476025	0.062500	0.003906
-0.787645	0.620384	0.062500	0.003906
-0.639386	0.408815	0.000000	0.000000
-0.649784	0.422219	0.062500	0.003906
-0.767319	0.588779	0.250000	0.062500
-0.685662	0.470132	0.000000	0.000000
-0.646418	0.417856	0.312500	0.097656
-0.668866	0.447382	0.437500	0.191406
-0.696165	0.484646	0.062500	0.003906
-0.674521	0.454978	0.187500	0.035156
-0.712731	0.507985	0.125000	0.015625
-0.688429	0.473935	0.187500	0.035156
-0.665055	0.442298	0.125000	0.015625
-0.703389	0.494757	0.312500	0.097656
-0.707789	0.500965	0.062500	0.003906
-0.651035	0.423846	0.000000	0.000000
-0.653032	0.426450	0.312500	0.097656
-0.721518	0.520588	0.062500	0.003906
-0.610336	0.372511	0.062500	0.003906
-0.685734	0.470231	0.125000	0.015625
-0.681906	0.464996	0.312500	0.097656
-0.699680	0.489552	0.312500	0.097656
-0.606181	0.367455	0.000000	0.000000
-0.714960	0.511167	0.062500	0.003906
-0.666802	0.444624	0.062500	0.003906
-0.760989	0.579105	0.062500	0.003906
-0.748414	0.560123	0.312500	0.097656
-0.695510	0.483734	0.187500	0.035156
-0.687852	0.473140	0.000000	0.000000
-0.676108	0.457122	0.312500	0.097656
-0.699226	0.488916	0.125000	0.015625
-0.745783	0.556192	0.312500	0.097656
-0.712995	0.508362	0.000000	0.000000
-0.654309	0.428121	0.062500	0.003906
-0.714215	0.510103	0.250000	0.062500
-0.653256	0.426744	0.125000	0.015625
-0.635725	0.404146	0.187500	0.035156
-0.714279	0.510195	0.000000	0.000000
-0.643729	0.414387	0.125000	0.015625
-0.760414	0.578230	0.000000	0.000000
-0.648339	0.420344	0.062500	0.003906
-0.673302	0.453336	0.125000	0.015625
-0.636070	0.404585	0.062500	0.003906
-0.734588	0.539620	0.062500	0.003906
-0.685157	0.469440	0.125000	0.015625
-0.603161	0.363803	0.125000	0.015625
-0.719343	0.517454	0.062500	0.003906
-0.714672	0.510756	0.250000	0.062500
-0.673179	0.453171	0.250000	0.062500
-0.684506	0.468548	0.125000	0.015625
-0.674121	0.454440	0.125000	0.015625
-0.715187	0.511492	0.062500	0.003906
-0.653099	0.426538	0.062500	0.003906
-0.703957	0.495556	0.125000	0.015625
-0.708773	0.502360	0.250000	0.062500
-0.677944	0.459608	0.312500	0.097656
-0.607823	0.369448	0.187500	0.035156
-0.675768	0.456662	0.250000	0.062500
-0.747322	0.558490	0.125000	0.015625
-0.690485	0.476770	0.187500	0.035156
-0.648624	0.420713	0.125000	0.015625
-0.669920	0.448792	0.062500	0.003906
-0.707470	0.500514	0.000000	0.000000
-0.746125	0.556703	0.187500	0.035156
-0.660517	0.436282	0.187500	0.035156
-0.628253	0.394702	0.250000	0.062500
-0.687331	0.472424	0.187500	0.035156
-0.713279	0.508767	0.062500	0.003906
-0.674534	0.454996	0.062500	0.003906
-0.679634	0.461902	0.250000	0.062500
-0.683106	0.466634	0.000000	0.000000
-0.610219	0.372368	0.125000	0.015625
-0.664689	0.441811	0.000000	0.000000
-0.689357	0.475213	0.250000	0.062500
-0.639874	0.409438	0.125000	0.015625
-0.656625	0.431156	0.187500	0.035156
-0.659319	0.434702	0.187500	0.035156
-0.669243	0.447887	0.062500	0.003906
-0.708214	0.501567	0.062500	0.003906
-0.707142	0.500049	0.000000	0.000000
-0.650809	0.423553	0.062500	0.003906
-0.651398	0.424319	0.062500	0.003906
-0.705462	0.497677	0.000000	0.000000
-0.716167	0.512896	0.125000	0.015625
-0.774613	0.600025	0.125000	0.015625
-0.627979	0.394358	0.125000	0.015625
-0.727032	0.528575	0.125000	0.015625
-0.692564	0.479644	0.312500	0.097656
-0.653682	0.427301	0.062500	0.003906
-0.669798	0.448629	0.000000	0.000000
-0.685905	0.470465	0.437500	0.191406
-0.697744	0.486847	0.312500	0.097656
-0.643405	0.413970	0.000000	0.000000
-0.680029	0.462440	0.062500	0.003906
-0.704088	0.495740	0.187500	0.035156
-0.653319	0.426826	0.062500	0.003906
-0.635913	0.404385	0.125000	0.015625
-0.606575	0.367933	0.250000	0.062500
-0.692498	0.479554	0.500000	0.250000
-0.660711	0.436539	0.062500	0.003906
-0.596817	0.356190	0.187500	0.035156
-0.691390	0.478020	0.000000	0.000000
-0.620516	0.385040	0.000000	0.000000
-0.638581	0.407786	0.062500	0.003906
-0.661247	0.437248	0.250000	0.062500
-0.743911	0.553404	0.125000	0.015625
-0.689551	0.475480	0.062500	0.003906
-0.684194	0.468122	0.062500	0.003906
-0.718564	0.516335	0.312500	0.097656
-0.671333	0.450688	0.187500	0.035156
-0.789700	0.623627	0.187500	0.035156
-0.676459	0.457597	0.187500	0.035156
-0.691038	0.477534	0.125000	0.015625
-0.665442	0.442813	0.000000	0.000000
-0.767894	0.589660	0.000000	0.000000
-0.677885	0.459528	0.062500	0.003906
-0.699410	0.489174	0.000000	0.000000
-0.663057	0.439645	0.062500	0.003906
-0.656958	0.431594	0.000000	0.000000
-0.793142	0.629074	0.312500	0.097656
-0.683451	0.467106	0.062500	0.003906
-0.840912	0.707133	0.125000	0.015625
-0.632058	0.399497	0.187500	0.035156
-0.686143	0.470792	0.250000	0.062500
-0.718343	0.516017	0.125000	0.015625
-0.729215	0.531754	0.000000	0.000000
-0.678184	0.459934	0.125000	0.015625
-0.672094	0.451711	0.187500	0.035156
-0.646664	0.418174	0.125000	0.015625
-0.696773	0.485493	0.125000	0.015625
-0.702924	0.494102	0.062500	0.003906
-0.788454	0.621659	0.062500	0.003906
-0.712692	0.507930	0.062500	0.003906
-0.727661	0.529490	0.062500	0.003906
-0.641954	0.412106	0.375000	0.140625
-0.685903	0.470463	0.375000	0.140625
-0.637877	0.406887	0.062500	0.003906
-0.701283	0.491799	0.250000	0.062500
-0.633377	0.401167	0.062500	0.003906
-0.652967	0.426365	0.125000	0.015625
-0.655317	0.429441	0.125000	0.015625
-0.653896	0.427579	0.062500	0.003906
-0.700113	0.490158	0.062500	0.003906
-0.723306	0.523172	0.187500	0.035156
-0.657932	0.432875	0.187500	0.035156
-0.672848	0.452724	0.062500	0.003906
-0.606685	0.368066	0.062500	0.003906
-0.735151	0.540447	0.000000	0.000000
-0.640573	0.410334	0.062500	0.003906
-0.652505	0.425763	0.000000	0.000000
-0.722846	0.522506	0.000000	0.000000
-0.673678	0.453843	0.312500	0.097656
-0.678314	0.460109	0.250000	0.062500
-0.677547	0.459069	0.062500	0.003906
-0.646741	0.418274	0.062500	0.003906
-0.714637	0.510707	0.062500	0.003906
-0.726962	0.528474	0.000000	0.000000
-0.616654	0.380263	0.187500	0.035156
-0.696550	0.485181	0.062500	0.003906
-0.655152	0.429224	0.062500	0.003906
-0.713291	0.508784	0.000000	0.000000
-0.715780	0.512341	0.187500	0.035156
-0.646478	0.417933	0.062500	0.003906
-0.623344	0.388557	0.187500	0.035156
-0.661020	0.436948	0.000000	0.000000
-0.688579	0.474141	0.187500	0.035156
-0.690897	0.477338	0.187500	0.035156
-0.670588	0.449689	0.125000	0.015625
-0.753114	0.567181	0.187500	0.035156
-0.683149	0.466692	0.062500	0.003906
-0.780014	0.608422	0.125000	0.015625
-0.715080	0.511339	0.250000	0.062500
-0.693513	0.480960	0.000000	0.000000
-0.695127	0.483201	0.062500	0.003906
-0.730618	0.533802	0.187500	0.035156
-0.719079	0.517075	0.250000	0.062500
-0.645896	0.417182	0.250000	0.062500
-0.692059	0.478946	0.312500	0.097656
-0.752611	0.566423	0.187500	0.035156
-0.658150	0.433161	0.187500	0.035156
-0.699567	0.489394	0.062500	0.003906
-0.668115	0.446378	0.125000	0.015625
-0.693228	0.480564	0.375000	0.140625
-0.630990	0.398148	0.000000	0.000000
-0.698100	0.487343	0.187500	0.035156
-0.714726	0.510833	0.062500	0.003906
-0.661036	0.436968	0.187500	0.035156
-0.657517	0.432329	0.062500	0.003906
-0.636999	0.405767	0.312500	0.097656
-0.618408	0.382428	0.062500	0.003906
-0.596414	0.355710	0.437500	0.191406
-0.630414	0.397422	0.000000	0.000000
-0.613313	0.376153	0.062500	0.003906
-0.652579	0.425859	0.125000	0.015625
-0.682854	0.466289	0.125000	0.015625
-0.746866	0.557809	0.062500	0.003906
-0.672225	0.451886	0.125000	0.015625
-0.643073	0.413542	0.125000	0.015625
-0.646869	0.418439	0.187500	0.035156
-0.630077	0.396997	0.000000	0.000000
-0.703931	0.495519	0.125000	0.015625
-0.626469	0.392464	0.125000	0.015625
-0.652658	0.425962	0.000000	0.000000
-0.676882	0.458169	0.125000	0.015625
-0.738376	0.545200	0.125000	0.015625
-0.707736	0.500890	0.125000	0.015625
-0.661515	0.437602	0.187500	0.035156
-0.723243	0.523081	0.062500	0.003906
-0.668884	0.447406	0.187500	0.035156
-0.630036	0.396946	0.187500	0.035156
-0.755565	0.570879	0.062500	0.003906
-0.677871	0.459509	0.125000	0.015625
-0.614542	0.377662	0.250000	0.062500
-0.700766	0.491073	0.062500	0.003906
-0.693263	0.480613	0.062500	0.003906
-0.646023	0.417345	0.312500	0.097656
-0.729472	0.532129	0.000000	0.000000
-0.688773	0.474408	0.125000	0.015625
-0.720696	0.519402	0.062500	0.003906
-0.672661	0.452473	0.500000	0.250000
-0.755719	0.571111	0.062500	0.003906
-0.699399	0.489159	0.250000	0.062500
-0.632550	0.400120	0.062500	0.003906
-0.679784	0.462106	0.250000	0.062500
-0.694297	0.482048	0.187500	0.035156
-0.676117	0.457134	0.062500	0.003906
-0.622902	0.388006	0.062500	0.003906
-0.715396	0.511791	0.125000	0.015625
-0.590752	0.348988	0.062500	0.003906
-0.716740	0.513716	0.250000	0.062500
-0.696791	0.485518	0.125000	0.015625
-0.761543	0.579948	0.062500	0.003906
-0.660546	0.436321	0.125000	0.015625
-0.688236	0.473669	0.250000	0.062500
-0.663252	0.439903	0.062500	0.003906
-0.757177	0.573316	0.187500	0.035156
-0.633964	0.401911	0.250000	0.062500
-0.716747	0.513727	0.250000	0.062500
-0.655488	0.429664	0.125000	0.015625
-0.722887	0.522565	0.125000	0.015625
-0.683699	0.467444	0.062500	0.003906
-0.671445	0.450839	0.062500	0.003906
-0.714670	0.510753	0.062500	0.003906
-0.633416	0.401215	0.062500	0.003906
-0.716394	0.513221	0.000000	0.000000
-0.811615	0.658719	0.187500	0.035156
-0.667836	0.446004	0.250000	0.062500
-0.652466	0.425712	0.062500	0.003906
-0.737836	0.544401	0.062500	0.003906
-0.623765	0.389083	0.250000	0.062500
-0.641800	0.411908	0.125000	0.015625
-0.602230	0.362681	0.187500	0.035156
-0.665453	0.442828	0.187500	0.035156
-0.711086	0.505643	0.062500	0.003906
-0.675245	0.455956	0.062500	0.003906
-0.724959	0.525566	0.187500	0.035156
-0.689698	0.475683	0.125000	0.015625
-0.810672	0.657189	0.250000	0.062500
-0.727254	0.528898	0.000000	0.000000
-0.705786	0.498134	0.250000	0.062500
-0.665463	0.442841	0.125000	0.015625
-0.604858	0.365854	0.062500	0.003906
-0.725433	0.526253	0.000000	0.000000
-0.740110	0.547762	0.000000	0.000000
-0.641501	0.411523	0.250000	0.062500
-0.708126	0.501443	0.187500	0.035156
-0.690169	0.476334	0.187500	0.035156
-0.729040	0.531500	0.250000	0.062500
-0.708837	0.502450	0.187500	0.035156
-0.722077	0.521395	0.125000	0.015625
-0.682570	0.465902	0.062500	0.003906
-0.693734	0.481267	0.062500	0.003906
-0.631927	0.399332	0.437500	0.191406
-0.597316	0.356786	0.062500	0.003906
-0.701961	0.492749	0.187500	0.035156
-0.758248	0.574939	0.125000	0.015625
-0.650768	0.423499	0.000000	0.000000
-0.674548	0.455015	0.187500	0.035156
-0.727512	0.529274	0.125000	0.015625
-0.755339	0.570537	0.250000	0.062500
-0.727870	0.529795	0.000000	0.000000
-0.762487	0.581386	0.250000	0.062500
-0.759686	0.577123	0.062500	0.003906
-0.625596	0.391370	0.187500	0.035156
-0.762338	0.581160	0.000000	0.000000
-0.706987	0.499830	0.250000	0.062500
-0.653320	0.426827	0.062500	0.003906
-0.696335	0.484882	0.375000	0.140625
-0.739283	0.546540	0.250000	0.062500
-0.791640	0.626694	0.312500	0.097656
-0.737889	0.544479	0.125000	0.015625
-0.668534	0.446937	0.125000	0.015625
-0.814371	0.663200	0.187500	0.035156
-0.653354	0.426872	0.062500	0.003906
-0.719814	0.518132	0.312500	0.097656
-0.657319	0.432068	0.000000	0.000000
-0.690451	0.476723	0.375000	0.140625
-0.751486	0.564731	0.125000	0.015625
-0.699316	0.489042	0.250000	0.062500
-0.728162	0.530220	0.312500	0.097656
-0.606076	0.367328	0.187500	0.035156
-0.670562	0.449653	0.000000	0.000000
-0.634257	0.402282	0.187500	0.035156
-0.675930	0.456881	0.062500	0.003906
-0.698518	0.487928	0.125000	0.015625
-0.699633	0.489486	0.062500	0.003906
-0.611947	0.374479	0.000000	0.000000
-0.708362	0.501777	0.062500	0.003906
-0.687843	0.473128	0.125000	0.015625
-0.595926	0.355128	0.062500	0.003906
-0.728686	0.530983	0.250000	0.062500
-0.632588	0.400167	0.125000	0.015625
-0.677103	0.458468	0.187500	0.035156
-0.695551	0.483792	0.125000	0.015625
-0.642464	0.412759	0.125000	0.015625
-0.752219	0.565833	0.125000	0.015625
-0.670484	0.449549	0.062500	0.003906
-0.668066	0.446312	0.062500	0.003906
-0.735011	0.540242	0.125000	0.015625
-0.648155	0.420105	0.125000	0.015625
-0.685646	0.470111	0.062500	0.003906
-0.721493	0.520552	0.062500	0.003906
-0.692388	0.479402	0.250000	0.062500
-0.719511	0.517697	0.125000	0.015625
-0.645893	0.417178	0.125000	0.015625
-0.665715	0.443177	0.062500	0.003906
-0.782895	0.612925	0.250000	0.062500
-0.749843	0.562265	0.312500	0.097656
-0.650148	0.422692	0.375000	0.140625
-0.675996	0.456971	0.250000	0.062500
-0.703278	0.494600	0.062500	0.003906
-0.719587	0.517805	0.187500	0.035156
-0.652415	0.425646	0.000000	0.000000
-0.648102	0.420036	0.062500	0.003906
-0.727480	0.529227	0.062500	0.003906
-0.687934	0.473253	0.125000	0.015625
-0.658363	0.433441	0.187500	0.035156
-0.693715	0.481240	0.125000	0.015625
-0.747576	0.558870	0.187500	0.035156
-0.721604	0.520713	0.250000	0.062500
-0.697067	0.485902	0.062500	0.003906
-0.676547	0.457715	0.125000	0.015625
-0.632358	0.399877	0.125000	0.015625
-0.672984	0.452908	0.000000	0.000000
-0.678821	0.460797	0.000000	0.000000
-0.685692	0.470173	0.187500	0.035156
-0.649721	0.422138	0.187500	0.035156
-0.700322	0.490451	0.000000	0.000000
-0.725808	0.526797	0.125000	0.015625
-0.729904	0.532760	0.125000	0.015625
-0.700695	0.490974	0.062500	0.003906
-0.795022	0.632060	0.062500	0.003906
-0.691478	0.478141	0.062500	0.003906
-0.678979	0.461013	0.125000	0.015625
-0.607534	0.369098	0.500000	0.250000
-0.700631	0.490884	0.062500	0.003906
-0.781972	0.611480	0.125000	0.015625
-0.663973	0.440861	0.125000	0.015625
-0.692046	0.478928	0.437500	0.191406
-0.714691	0.510783	0.312500	0.097656
-0.629585	0.396377	0.000000	0.000000
-0.745541	0.555832	0.062500	0.003906
-0.657687	0.432552	0.250000	0.062500
-0.698815	0.488343	0.062500	0.003906
-0.680294	0.462800	0.125000	0.015625
-0.742063	0.550657	0.062500	0.003906
-0.682587	0.465925	0.062500	0.003906
-0.728404	0.530572	0.062500	0.003906
-0.698989	0.488586	0.125000	0.015625
-0.658293	0.433350	0.187500	0.035156
-0.680966	0.463714	0.250000	0.062500
-0.702936	0.494120	0.062500	0.003906
-0.795659	0.633073	0.312500	0.097656
-0.630890	0.398023	0.062500	0.003906
-0.670125	0.449067	0.062500	0.003906
-0.666411	0.444104	0.187500	0.035156
-0.694582	0.482444	0.062500	0.003906
-0.712219	0.507256	0.312500	0.097656
-0.684216	0.468152	0.000000	0.000000
-0.711640	0.506432	0.000000	0.000000
-0.678808	0.460780	0.000000	0.000000
-0.757464	0.573752	0.000000	0.000000
-0.622103	0.387012	0.125000	0.015625
-0.709130	0.502865	0.187500	0.035156
-0.673305	0.453340	0.187500	0.035156
-0.660013	0.435617	0.062500	0.003906
-0.656969	0.431608	0.125000	0.015625
-0.755763	0.571178	0.062500	0.003906
-0.657778	0.432671	0.062500	0.003906
-0.774976	0.600588	0.000000	0.000000
-0.656425	0.430893	0.125000	0.015625
-0.697048	0.485875	0.062500	0.003906
-0.683636	0.467359	0.312500	0.097656
-0.603316	0.363991	0.000000	0.000000
-0.698563	0.487990	0.187500	0.035156
-0.677982	0.459660	0.250000	0.062500
-0.755789	0.571217	0.062500	0.003906
-0.621113	0.385781	0.500000	0.250000
-0.707726	0.500876	0.125000	0.015625
-0.672363	0.452073	0.125000	0.015625
-0.681645	0.464639	0.125000	0.015625
-0.686706	0.471566	0.125000	0.015625
-0.778474	0.606022	0.000000	0.000000
-0.689419	0.475298	0.125000	0.015625
-0.754966	0.569974	0.000000	0.000000
-0.665388	0.442741	0.250000	0.062500
-0.600351	0.360421	0.062500	0.003906
-0.641378	0.411365	0.000000	0.000000
-0.692015	0.478885	0.125000	0.015625
-0.667215	0.445176	0.062500	0.003906
-0.672563	0.452341	0.062500	0.003906
-0.638370	0.407516	0.125000	0.015625
-0.724257	0.524548	0.187500	0.035156
-0.713265	0.508746	0.312500	0.097656
-0.701840	0.492579	0.125000	0.015625
-0.664675	0.441793	0.187500	0.035156
-0.653669	0.427283	0.062500	0.003906
-0.688073	0.473445	0.000000	0.000000
-0.698208	0.487494	0.062500	0.003906
-0.608304	0.370034	0.250000	0.062500
-0.689947	0.476026	0.000000	0.000000
-0.646752	0.418288	0.187500	0.035156
-0.714728	0.510836	0.000000	0.000000
-0.660552	0.436329	0.062500	0.003906
-0.774366	0.599643	0.000000	0.000000
-0.756530	0.572338	0.250000	0.062500
-0.631074	0.398254	0.062500	0.003906
-0.722890	0.522570	0.375000	0.140625
-0.651108	0.423942	0.000000	0.000000
-0.752328	0.565997	0.250000	0.062500
-0.697039	0.485863	0.000000	0.000000
-0.680330	0.462849	0.125000	0.015625
-0.678862	0.460854	0.125000	0.015625
-0.708423	0.501864	0.062500	0.003906
-0.694180	0.481885	0.312500	0.097656
-0.660651	0.436460	0.187500	0.035156
-0.712735	0.507992	0.062500	0.003906
-0.660984	0.436900	0.250000	0.062500
-0.787152	0.619609	0.000000	0.000000
-0.694836	0.482797	0.000000	0.000000
-0.653237	0.426719	0.250000	0.062500
-0.675174	0.455860	0.062500	0.003906
-0.662134	0.438422	0.125000	0.015625
-0.708054	0.501340	0.062500	0.003906
-0.713996	0.509790	0.062500	0.003906
-0.626069	0.391963	0.187500	0.035156
-0.607525	0.369087	0.125000	0.015625
-0.673657	0.453814	0.062500	0.003906
-0.642072	0.412257	0.312500	0.097656
-0.739918	0.547478	0.125000	0.015625
-0.640956	0.410825	0.250000	0.062500
-0.703985	0.495595	0.250000	0.062500
-0.689936	0.476012	0.187500	0.035156
-0.672239	0.451905	0.250000	0.062500
-0.631073	0.398254	0.125000	0.015625
-0.732598	0.536700	0.062500	0.003906
-0.649962	0.422450	0.062500	0.003906
-0.695881	0.484251	0.062500	0.003906
-0.755481	0.570752	0.125000	0.015625
-0.659223	0.434575	0.250000	0.062500
-0.647720	0.419541	0.250000	0.062500
-0.822846	0.677075	0.125000	0.015625
-0.660342	0.436052	0.250000	0.062500
-0.672377	0.452091	0.437500	0.191406
-0.646812	0.418365	0.062500	0.003906
-0.667177	0.445125	0.062500	0.003906
-0.651100	0.423932	0.125000	0.015625
-0.724411	0.524771	0.062500	0.003906
-0.709260	0.503049	0.250000	0.062500
-0.702479	0.493477	0.187500	0.035156
-0.697175	0.486053	0.000000	0.000000
-0.690392	0.476641	0.062500	0.003906
-0.619630	0.383942	0.187500	0.035156
-0.656936	0.431565	0.000000	0.000000
-0.741629	0.550014	0.187500	0.035156
-0.697914	0.487084	0.125000	0.015625
-0.707686	0.500819	0.125000	0.015625
-0.684286	0.468247	0.062500	0.003906
-0.680581	0.463191	0.312500	0.097656
-0.713475	0.509046	0.062500	0.003906
-0.703698	0.495190	0.312500	0.097656
-0.716965	0.514038	0.000000	0.000000
-0.661693	0.437838	0.187500	0.035156
-0.703819	0.495361	0.125000	0.015625
-0.715949	0.512583	0.125000	0.015625
-0.620283	0.384751	0.312500	0.097656
-0.684067	0.467947	0.062500	0.003906
-0.728386	0.530546	0.250000	0.062500
-0.737657	0.544138	0.437500	0.191406
-0.821561	0.674963	0.125000	0.015625
-0.771264	0.594849	0.062500	0.003906
-0.718343	0.516017	0.187500	0.035156
-0.683568	0.467265	0.250000	0.062500
-0.683915	0.467740	0.125000	0.015625
-0.692675	0.479799	0.187500	0.035156
-0.703415	0.494793	0.000000	0.000000
-0.713003	0.508373	0.125000	0.015625
-0.709765	0.503767	0.125000	0.015625
-0.690204	0.476381	0.187500	0.035156
-0.704498	0.496317	0.125000	0.015625
-0.794984	0.631999	0.000000	0.000000
-0.647079	0.418711	0.125000	0.015625
-0.719591	0.517811	0.250000	0.062500
-0.674109	0.454423	0.187500	0.035156
-0.706907	0.499717	0.187500	0.035156
-0.743430	0.552688	0.250000	0.062500
-0.797746	0.636399	0.062500	0.003906
-0.720045	0.518465	0.000000	0.000000
-0.738580	0.545500	0.062500	0.003906
-0.723547	0.523520	0.062500	0.003906
-0.806434	0.650336	0.187500	0.035156
-0.628297	0.394758	0.000000	0.000000
-0.727427	0.529149	0.062500	0.003906
-0.696381	0.484946	0.125000	0.015625
