# Energy	Energy^2	Magnetic	Magnet^2
-0.756856	0.572831	0.031250	0.000977
-0.720771	0.519511	0.187500	0.035156
-0.725864	0.526879	0.031250	0.000977
-0.746466	0.557211	0.093750	0.008789
-0.662780	0.439277	0.250000	0.062500
-0.759366	0.576637	0.093750	0.008789
-0.751007	0.564011	0.093750	0.008789
-0.685613	0.470066	0.156250	0.024414
-0.703256	0.494569	0.218750	0.047852
-0.701606	0.492251	0.156250	0.024414
-0.684803	0.468955	0.062500	0.003906
-0.746968	0.557962	0.062500	0.003906
-0.734200	0.539050	0.187500	0.035156
-0.746521	0.557293	0.062500	0.003906
-0.754649	0.569495	0.156250	0.024414
-0.710274	0.504490	0.000000	0.000000
-0.709144	0.502885	0.062500	0.003906
-0.758939	0.575989	0.093750	0.008789
-0.695501	0.483722	0.156250	0.024414
-0.718484	0.516219	0.093750	0.008789
-0.730691	0.533910	0.125000	0.015625
-0.733364	0.537822	0.062500	0.003906
-0.710778	0.505206	0.218750	0.047852
-0.715734	0.512275	0.093750	0.008789
-0.703663	0.495142	0.031250	0.000977
-0.742030	0.550608	0.062500	0.003906
-0.737686	0.544180	0.187500	0.035156
-0.742070	0.550669	0.062500	0.003906
-0.737114	0.543338	0.187500	0.035156
-0.729163	0.531678	0.093750	0.008789
-0.768574	0.590706	0.218750	0.047852
-0.726926	0.528421	0.031250	0.000977
-0.709620	0.503560	0.156250	0.024414
-0.745100	0.555174	0.062500	0.003906
-0.729057	0.531524	0.187500	0.035156
-0.707211	0.500147	0.156250	0.024414
-0.722449	0.521932	0.156250	0.024414
-0.721517	0.520587	0.062500	0.003906
-0.716554	0.513449	0.031250	0.000977
-0.728724	0.531039	0.125000	0.015625
-0.717998	0.515521	0.156250	0.024414
-0.710166	0.504336	0.062500	0.003906
-0.731745	0.535451	0.125000	0.015625
-0.722540	0.522064	0.000000	0.000000
-0.755889	0.571368	0.031250	0.000977
-0.754495	0.569262	0.062500	0.003906
-0.739726	0.547195	0.031250	0.000977
-0.713575	0.509189	0.218750	0.047852
-0.739256	0.546500	0.156250	0.024414
-0.680864	0.463575	0.156250	0.024414
-0.739191	0.546403	0.125000	0.015625
-0.687927	0.473243	0.093750	0.008789
-0.766426	0.587408	0.031250	0.000977
-0.685963	0.470546	0.031250	0.000977
-0.703376	0.494738	0.406250	0.165039
-0.710133	0.504289	0.000000	0.000000
-0.680417	0.462967	0.062500	0.003906
-0.703800	0.495335	0.156250	0.024414
-0.721594	0.520698	0.031250	0.000977
-0.669594	0.448356	0.156250	0.024414
-0.670784	0.449951	0.218750	0.047852
-0.712272	0.507331	0.031250	0.000977
-0.738686	0.545657	0.062500	0.003906
-0.732701	0.536850	0.312500	0.097656
-0.713931	0.509697	0.093750	0.008789
-0.710350	0.504598	0.093750	0.008789
-0.728269	0.530375	0.187500	0.035156
-0.704187	0.495879	0.031250	0.000977
-0.699645	0.489503	0.062500	0.003906
-0.758006	0.574572	0.218750	0.047852
-0.636915	0.405661	0.218750	0.047852
-0.731965	0.535773	0.062500	0.003906
-0.693395	0.480797	0.031250	0.000977
-0.747743	0.559120	0.031250	0.000977
-0.746462	0.557205	0.031250	0.000977
-0.732569	0.536658	0.000000	0.000000
-0.744515	0.554303	0.000000	0.000000
-0.747071	0.558116	0.062500	0.003906
-0.721926	0.521177	0.125000	0.015625
-0.729824	0.532643	0.156250	0.024414
-0.724096	0.524315	0.125000	0.015625
-0.705812	0.498171	0.000000	0.000000
-0.713835	0.509560	0.031250	0.000977
-0.711369	0.506045	0.093750	0.008789
-0.685605	0.470054	0.156250	0.024414
-0.693735	0.481268	0.031250	0.000977
-0.700058	0.490081	0.218750	0.047852
-0.733321	0.537759	0.000000	0.000000
-0.717923	0.515413	0.031250	0.000977
-0.739143	0.546333	0.156250	0.024414
-0.710094	0.504233	0.031250	0.000977
-0.728512	0.530730	0.031250	0.000977
-0.737073	0.543277	0.156250	0.024414
-0.739425	0.546749	0.125000	0.015625
-0.736108	0.541855	0.000000	0.000000
-0.757555	0.573889	0.156250	0.024414
-0.740120	0.547778	0.031250	0.000977
-0.710633	0.505000	0.031250	0.000977
-0.716909	0.513959	0.062500	0.003906
-0.732119	0.535998	0.062500	0.003906
-0.663574	0.440331	0.062500	0.003906
-0.687778	0.473039	0.000000	0.000000
-0.735430	0.540857	0.000000	0.000000
-0.688441	0.473950	0.093750	0.008789
-0.709074	0.502785	0.031250	0.000977
-0.705807	0.498164	0.031250	0.000977
-0.713437	0.508993	0.062500	0.003906
-0.677690	0.459263	0.093750	0.008789
-0.746403	0.557118	0.000000	0.000000
-0.729183	0.531708	0.312500	0.097656
-0.719720	0.517997	0.250000	0.062500
-0.748448	0.560175	0.093750	0.008789
-0.699206	0.488889	0.093750	0.008789
-0.705259	0.497391	0.031250	0.000977
-0.762422	0.581288	0.218750	0.047852
-0.719200	0.517249	0.187500	0.035156
-0.703938	0.495528	0.000000	0.000000
-0.707720	0.500868	0.031250	0.000977
-0.688812	0.474462	0.031250	0.000977
-0.695322	0.483472	0.062500	0.003906
-0.733937	0.538664	0.062500	0.003906
-0.703313	0.494649	0.000000	0.000000
-0.752653	0.566487	0.062500	0.003906
-0.741388	0.549656	0.093750	0.008789
-0.686068	0.470690	0.125000	0.015625
-0.722717	0.522320	0.062500	0.003906
-0.743269	0.552449	0.125000	0.015625
-0.691455	0.478110	0.000000	0.000000
-0.693596	0.481075	0.093750	0.008789
-0.706764	0.499516	0.062500	0.003906
-0.739307	0.546575	0.156250	0.024414
-0.692798	0.479969	0.000000	0.000000
-0.664846	0.442021	0.031250	0.000977
-0.700494	0.490692	0.187500	0.035156
-0.695539	0.483775	0.187500	0.035156
-0.683489	0.467158	0.218750	0.047852
-0.729965	0.532849	0.093750	0.008789
-0.759357	0.576624	0.218750	0.047852
-0.739512	0.546878	0.093750	0.008789
-0.715142	0.511428	0.156250	0.024414
-0.727632	0.529448	0.000000	0.000000
-0.734453	0.539421	0.031250	0.000977
-0.711900	0.506801	0.093750	0.008789
-0.719555	0.517760	0.093750	0.008789
-0.718050	0.515595	0.187500	0.035156
-0.698868	0.488416	0.093750	0.008789
-0.713877	0.509621	0.218750	0.047852
-0.708057	0.501345	0.156250	0.024414
-0.739232	0.546464	0.125000	0.015625
-0.723575	0.523561	0.031250	0.000977
-0.709625	0.503568	0.031250	0.000977
-0.746413	0.557132	0.250000	0.062500
-0.677404	0.458876	0.000000	0.000000
-0.715943	0.512575	0.000000	0.000000
-0.706899	0.499706	0.125000	0.015625
-0.708537	0.502025	0.156250	0.024414
-0.776043	0.602243	0.062500	0.003906
-0.712741	0.508000	0.125000	0.015625
-0.731851	0.535606	0.062500	0.003906
-0.704831	0.496786	0.156250	0.024414
-0.680915	0.463645	0.250000	0.062500
-0.720043	0.518461	0.250000	0.062500
-0.762591	0.581545	0.062500	0.003906
-0.743167	0.552297	0.156250	0.024414
-0.751106	0.564160	0.125000	0.015625
-0.729175	0.531696	0.031250	0.000977
-0.706796	0.499561	0.125000	0.015625
-0.743042	0.552112	0.000000	0.000000
-0.798064	0.636906	0.000000	0.000000
-0.665394	0.442749	0.062500	0.003906
-0.731464	0.535040	0.000000	0.000000
-0.683208	0.466773	0.093750	0.008789
-0.678274	0.460056	0.062500	0.003906
-0.746662	0.557505	0.031250	0.000977
-0.682758	0.466159	0.000000	0.000000
-0.706085	0.498556	0.125000	0.015625
-0.721992	0.521272	0.062500	0.003906
-0.706421	0.499030	0.125000	0.015625
-0.703795	0.495327	0.031250	0.000977
-0.670410	0.449450	0.125000	0.015625
-0.700419	0.490587	0.125000	0.015625
-0.761029	0.579165	0.093750	0.008789
-0.710177	0.504351	0.062500	0.003906
-0.709066	0.502775	0.156250	0.024414
-0.712071	0.507045	0.156250	0.024414
-0.756486	0.572271	0.062500	0.003906
-0.740806	0.548793	0.031250	0.000977
-0.725687	0.526621	0.062500	0.003906
-0.680231	0.462714	0.031250	0.000977
-0.724087	0.524302	0.062500	0.003906
-0.734514	0.539511	0.156250	0.024414
-0.690827	0.477242	0.093750	0.008789
-0.725845	0.526851	0.187500	0.035156
-0.703721	0.495223	0.093750	0.008789
-0.714494	0.510501	0.062500	0.003906
-0.693384	0.480781	0.031250	0.000977
-0.739854	0.547383	0.000000	0.000000
-0.818051	0.669208	0.031250	0.000977
-0.734104	0.538908	0.093750	0.008789
-0.722227	0.521612	0.062500	0.003906
-0.758038	0.574621	0.062500	0.003906
-0.747218	0.558334	0.093750	0.008789
-0.732686	0.536828	0.093750	0.008789
-0.679413	0.461602	0.125000	0.015625
-0.687049	0.472036	0.125000	0.015625
-0.708024	0.501298	0.156250	0.024414
-0.752629	0.566451	0.031250	0.000977
-0.767302	0.588753	0.125000	0.015625
-0.722576	0.522117	0.187500	0.035156
-0.737543	0.543970	0.031250	0.000977
-0.725500	0.526351	0.187500	0.035156
-0.716012	0.512674	0.031250	0.000977
-0.700080	0.490112	0.218750	0.047852
-0.731192	0.534642	0.031250	0.000977
-0.737319	0.543639	0.218750	0.047852
-0.689386	0.475253	0.187500	0.035156
-0.703828	0.495374	0.062500	0.003906
-0.727571	0.529360	0.031250	0.000977
-0.756344	0.572057	0.031250	0.000977
-0.730937	0.534268	0.062500	0.003906
-0.680865	0.463577	0.250000	0.062500
-0.718091	0.515654	0.031250	0.000977
-0.662275	0.438608	0.031250	0.000977
-0.702653	0.493721	0.218750	0.047852
-0.735116	0.540396	0.125000	0.015625
-0.691067	0.477574	0.000000	0.000000
-0.704231	0.495942	0.156250	0.024414
-0.725624	0.526531	0.000000	0.000000
-0.676898	0.458191	0.062500	0.003906
-0.732570	0.536659	0.187500	0.035156
-0.714826	0.510976	0.062500	0.003906
-0.757647	0.574028	0.062500	0.003906
-0.705922	0.498325	0.093750	0.008789
-0.708229	0.501588	0.000000	0.000000
-0.745938	0.556423	0.125000	0.015625
-0.738478	0.545350	0.062500	0.003906
-0.801923	0.643081	0.125000	0.015625
-0.738252	0.545015	0.156250	0.024414
-0.737416	0.543782	0.000000	0.000000
-0.773165	0.597784	0.156250	0.024414
-0.693784	0.481336	0.062500	0.003906
-0.688569	0.474127	0.062500	0.003906
-0.719025	0.516997	0.093750	0.008789
-0.733246	0.537650	0.093750	0.008789
-0.708466	0.501924	0.156250	0.024414
-0.723261	0.523107	0.000000	0.000000
-0.681048	0.463826	0.156250	0.024414
-0.733048	0.537359	0.250000	0.062500
-0.685817	0.470345	0.062500	0.003906
-0.669996	0.448895	0.062500	0.003906
-0.724721	0.525221	0.062500	0.003906
-0.696908	0.485681	0.031250	0.000977
-0.706798	0.499563	0.062500	0.003906
-0.706920	0.499735	0.093750	0.008789
-0.691947	0.478790	0.187500	0.035156
-0.692118	0.479027	0.218750	0.047852
-0.698069	0.487300	0.031250	0.000977
-0.704142	0.495815	0.218750	0.047852
-0.691622	0.478341	0.093750	0.008789
-0.672170	0.451813	0.031250	0.000977
-0.732706	0.536858	0.062500	0.003906
-0.704881	0.496857	0.250000	0.062500
-0.712314	0.507391	0.062500	0.003906
-0.718132	0.515713	0.062500	0.003906
-0.674861	0.455438	0.156250	0.024414
-0.670720	0.449865	0.031250	0.000977
-0.686165	0.470822	0.156250	0.024414
-0.777568	0.604612	0.031250	0.000977
-0.699211	0.488896	0.125000	0.015625
-0.709032	0.502727	0.093750	0.008789
-0.755642	0.570995	0.031250	0.000977
-0.683074	0.466591	0.156250	0.024414
-0.699676	0.489546	0.125000	0.015625
-0.683497	0.467168	0.000000	0.000000
-0.719811	0.518127	0.125000	0.015625
-0.714111	0.509955	0.125000	0.015625
-0.745562	0.555863	0.156250	0.024414
-0.732921	0.537173	0.156250	0.024414
-0.698929	0.488502	0.187500	0.035156
-0.731401	0.534947	0.062500	0.003906
-0.715490	0.511926	0.031250	0.000977
-0.732836	0.537049	0.031250	0.000977
-0.701363	0.491910	0.093750	0.008789
-0.698763	0.488269	0.031250	0.000977
-0.675974	0.456941	0.031250	0.000977
-0.785550	0.617090	0.000000	0.000000
-0.691200	0.477757	0.031250	0.000977
-0.713324	0.508832	0.031250	0.000977
-0.698240	0.487539	0.062500	0.003906
-0.740503	0.548344	0.031250	0.000977
-0.816672	0.666953	0.000000	0.000000
-0.777670	0.604771	0.218750	0.047852
-0.697350	0.486297	0.281250	0.079102
-0.721329	0.520316	0.187500	0.035156
-0.745118	0.555200	0.062500	0.003906
-0.705557	0.497810	0.156250	0.024414
-0.695850	0.484207	0.062500	0.003906
-0.713233	0.508702	0.093750	0.008789
-0.708290	0.501675	0.125000	0.015625
-0.692708	0.479845	0.000000	0.000000
-0.717733	0.515141	0.062500	0.003906
-0.720994	0.519832	0.187500	0.035156
-0.705015	0.497047	0.062500	0.003906
-0.766532	0.587571	0.093750	0.008789
-0.745732	0.556116	0.062500	0.003906
-0.722192	0.521561	0.250000	0.062500
-0.695420	0.483609	0.218750	0.047852
-0.699782	0.489695	0.000000	0.000000
-0.689821	0.475852	0.031250	0.000977
-0.700307	0.490429	0.000000	0.000000
-0.677204	0.458606	0.031250	0.000977
-0.736648	0.542650	0.093750	0.008789
-0.725482	0.526324	0.031250	0.000977
-0.705161	0.497253	0.156250	0.024414
-0.698291	0.487611	0.062500	0.003906
-0.724990	0.525611	0.156250	0.024414
-0.684317	0.468290	0.062500	0.003906
-0.672835	0.452708	0.093750	0.008789
-0.690303	0.476518	0.250000	0.062500
-0.692794	0.479964	0.250000	0.062500
-0.713694	0.509359	0.125000	0.015625
-0.663366	0.440055	0.062500	0.003906
-0.707334	0.500322	0.062500	0.003906
-0.747249	0.558381	0.218750	0.047852
-0.709662	0.503621	0.093750	0.008789
-0.693842	0.481417	0.125000	0.015625
-0.736201	0.541992	0.093750	0.008789
-0.785124	0.616419	0.093750	0.008789
-0.767917	0.589696	0.250000	0.062500
-0.717570	0.514907	0.062500	0.003906
-0.732003	0.535828	0.187500	0.035156
-0.694082	0.481750	0.000000	0.000000
-0.684394	0.468396	0.187500	0.035156
-0.690822	0.477235	0.000000	0.000000
-0.736720	0.542756	0.062500	0.003906
-0.684661	0.468761	0.062500	0.003906
-0.699669	0.489537	0.125000	0.015625
-0.738250	0.545013	0.000000	0.000000
-0.723531	0.523497	0.062500	0.003906
-0.810155	0.656352	0.093750	0.008789
-0.716735	0.513710	0.031250	0.000977
-0.726576	0.527913	0.093750	0.008789
-0.706539	0.499197	0.062500	0.003906
-0.680679	0.463323	0.125000	0.015625
-0.679662	0.461940	0.093750	0.008789
-0.721719	0.520879	0.093750	0.008789
-0.751124	0.564188	0.031250	0.000977
-0.733228	0.537624	0.250000	0.062500
-0.716437	0.513282	0.187500	0.035156
-0.677678	0.459248	0.250000	0.062500
-0.739546	0.546928	0.093750	0.008789
-0.707468	0.500511	0.062500	0.003906
-0.746414	0.557133	0.093750	0.008789
-0.674313	0.454698	0.031250	0.000977
-0.711702	0.506520	0.156250	0.024414
-0.747900	0.559355	0.062500	0.003906
-0.717420	0.514691	0.062500	0.003906
-0.748118	0.559680	0.187500	0.035156
-0.738933	0.546022	0.187500	0.035156
-0.686332	0.471052	0.093750	0.008789
-0.707118	0.500016	0.093750	0.008789
-0.755137	0.570233	0.062500	0.003906
-0.710007	0.504110	0.125000	0.015625
-0.723199	0.523017	0.093750	0.008789
-0.692529	0.479596	0.000000	0.000000
-0.688967	0.474675	0.031250	0.000977
-0.702243	0.493145	0.031250	0.000977
-0.700960	0.491345	0.250000	0.062500
-0.727169	0.528774	0.062500	0.003906
-0.715602	0.512086	0.156250	0.024414
-0.722172	0.521533	0.093750	0.008789
-0.731553	0.535169	0.031250	0.000977
-0.684069	0.467950	0.281250	0.079102
-0.720238	0.518742	0.062500	0.003906
-0.752333	0.566005	0.031250	0.000977
-0.717098	0.514229	0.000000	0.000000
-0.721552	0.520638	0.093750	0.008789
-0.724572	0.525005	0.125000	0.015625
-0.736095	0.541835	0.062500	0.003906
-0.707273	0.500236	0.156250	0.024414
-0.697564	0.486595	0.218750	0.047852
-0.719550	0.517752	0.281250	0.079102
-0.684770	0.468910	0.000000	0.000000
-0.714414	0.510388	0.218750	0.047852
-0.756272	0.571947	0.093750	0.008789
-0.779559	0.607713	0.000000	0.000000
-0.696985	0.485788	0.156250	0.024414
-0.743650	0.553015	0.156250	0.024414
-0.723305	0.523171	0.125000	0.015625
-0.735111	0.540388	0.000000	0.000000
-0.693986	0.481617	0.125000	0.015625
-0.686993	0.471959	0.187500	0.035156
-0.698246	0.487547	0.125000	0.015625
-0.701351	0.491893	0.031250	0.000977
-0.690095	0.476231	0.031250	0.000977
-0.711539	0.506287	0.156250	0.024414
-0.710358	0.504608	0.125000	0.015625
-0.719345	0.517457	0.031250	0.000977
-0.659835	0.435383	0.062500	0.003906
-0.755532	0.570828	0.000000	0.000000
-0.716749	0.513729	0.031250	0.000977
-0.692838	0.480025	0.031250	0.000977
-0.720524	0.519155	0.031250	0.000977
-0.713461	0.509027	0.031250	0.000977
-0.727518	0.529283	0.156250	0.024414
-0.719908	0.518268	0.125000	0.015625
-0.743886	0.553366	0.281250	0.079102
-0.728404	0.530572	0.125000	0.015625
-0.717690	0.515079	0.125000	0.015625
-0.671333	0.450688	0.093750	0.008789
-0.711467	0.506186	0.250000	0.062500
-0.727495	0.529249	0.000000	0.000000
-0.707451	0.500487	0.031250	0.000977
-0.726371	0.527615	0.062500	0.003906
-0.697404	0.486372	0.156250	0.024414
-0.711582	0.506350	0.093750	0.008789
-0.802606	0.644176	0.156250	0.024414
-0.712708	0.507953	0.093750	0.008789
-0.699001	0.488603	0.000000	0.000000
-0.672560	0.452337	0.250000	0.062500
-0.687516	0.472678	0.000000	0.000000
-0.700444	0.490622	0.000000	0.000000
-0.700149	0.490208	0.000000	0.000000
-0.705796	0.498148	0.156250	0.024414
-0.724697	0.525186	0.125000	0.015625
-0.700271	0.490379	0.062500	0.003906
-0.723712	0.523759	0.062500	0.003906
-0.674962	0.455574	0.031250	0.000977
-0.695661	0.483944	0.093750	0.008789
-0.681179	0.464005	0.062500	0.003906
-0.726783	0.528213	0.218750	0.047852
-0.776532	0.603002	0.156250	0.024414
-0.723910	0.524046	0.125000	0.015625
-0.690471	0.476750	0.281250	0.079102
-0.680119	0.462562	0.062500	0.003906
-0.694245	0.481976	0.093750	0.008789
-0.701622	0.492273	0.062500	0.003906
-0.716116	0.512821	0.000000	0.000000
-0.745467	0.555721	0.187500	0.035156
-0.749701	0.562052	0.093750	0.008789
-0.717079	0.514203	0.093750	0.008789
-0.679752	0.462063	0.125000	0.015625
-0.745179	0.555291	0.031250	0.000977
-0.704250	0.495968	0.156250	0.024414
-0.779785	0.608065	0.062500	0.003906
-0.726711	0.528109	0.250000	0.062500
-0.768556	0.590679	0.093750	0.008789
-0.731160	0.534595	0.031250	0.000977
-0.709222	0.502996	0.093750	0.008789
-0.736368	0.542238	0.000000	0.000000
-0.674020	0.454303	0.093750	0.008789
-0.730893	0.534204	0.218750	0.047852
-0.700623	0.490872	0.062500	0.003906
-0.695672	0.483959	0.031250	0.000977
-0.669709	0.448511	0.062500	0.003906
-0.780373	0.608982	0.156250	0.024414
-0.724487	0.524882	0.187500	0.035156
-0.725853	0.526862	0.093750	0.008789
-0.773777	0.598730	0.375000	0.140625
-0.741741	0.550180	0.000000	0.000000
-0.739155	0.546351	0.062500	0.003906
-0.750765	0.563648	0.250000	0.062500
-0.670873	0.450071	0.000000	0.000000
-0.702807	0.493937	0.218750	0.047852
-0.764932	0.585121	0.000000	0.000000
-0.721034	0.519890	0.156250	0.024414
-0.746136	0.556718	0.093750	0.008789
-0.686450	0.471214	0.062500	0.003906
-0.764155	0.583933	0.156250	0.024414
-0.693708	0.481230	0.093750	0.008789
-0.720876	0.519662	0.093750	0.008789
-0.699731	0.489623	0.031250	0.000977
-0.710255	0.504462	0.062500	0.003906
-0.714497	0.510507	0.000000	0.000000
-0.724469	0.524856	0.031250	0.000977
-0.747828	0.559247	0.062500	0.003906
-0.711394	0.506081	0.125000	0.015625
-0.735594	0.541098	0.187500	0.035156
-0.695453	0.483655	0.250000	0.062500
-0.712562	0.507745	0.000000	0.000000
-0.722014	0.521304	0.156250	0.024414
-0.727032	0.528575	0.062500	0.003906
-0.680828	0.463527	0.031250	0.000977
-0.727363	0.529057	0.187500	0.035156
-0.689961	0.476046	0.031250	0.000977
-0.739218	0.546443	0.062500	0.003906
-0.674038	0.454328	0.062500	0.003906
-0.710066	0.504194	0.156250	0.024414
-0.679904	0.462269	0.031250	0.000977
-0.699687	0.489562	0.062500	0.003906
-0.681215	0.464054	0.000000	0.000000
-0.694077	0.481743	0.000000	0.000000
-0.674579	0.455057	0.031250	0.000977
-0.737626	0.544092	0.031250	0.000977
-0.702460	0.493450	0.000000	0.000000
-0.742549	0.551379	0.125000	0.015625
-0.775330	0.601137	0.156250	0.024414
-0.710116	0.504264	0.187500	0.035156
-0.709365	0.503199	0.093750	0.008789
-0.707328	0.500312	0.031250	0.000977
-0.717374	0.514626	0.156250	0.024414
-0.732569	0.536657	0.062500	0.003906
-0.695966	0.484368	0.031250	0.000977
-0.678484	0.460341	0.031250	0.000977
-0.673607	0.453746	0.031250	0.000977
-0.706163	0.498666	0.062500	0.003906
-0.760043	0.577665	0.125000	0.015625
-0.663708	0.440508	0.093750	0.008789
-0.713914	0.509673	0.156250	0.024414
-0.698788	0.488304	0.093750	0.008789
-0.731576	0.535204	0.031250	0.000977
-0.696736	0.485440	0.187500	0.035156
-0.690086	0.476218	0.093750	0.008789
-0.723667	0.523694	0.125000	0.015625
-0.754327	0.569009	0.093750	0.008789
-0.736372	0.542244	0.000000	0.000000
-0.699953	0.489935	0.000000	0.000000
-0.743534	0.552842	0.156250	0.024414
-0.732265	0.536212	0.062500	0.003906
-0.712794	0.508076	0.375000	0.140625
-0.741948	0.550487	0.125000	0.015625
-0.738648	0.545601	0.062500	0.003906
-0.749442	0.561664	0.156250	0.024414
-0.725516	0.526373	0.125000	0.015625
-0.722501	0.522008	0.187500	0.035156
-0.714077	0.509905	0.062500	0.003906
-0.765812	0.586468	0.187500	0.035156
-0.706103	0.498581	0.312500	0.097656
-0.728842	0.531210	0.093750	0.008789
-0.736807	0.542885	0.125000	0.015625
-0.750315	0.562972	0.031250	0.000977
-0.715692	0.512214	0.000000	0.000000
-0.702821	0.493957	0.031250	0.000977
-0.706547	0.499209	0.000000	0.000000
-0.701166	0.491633	0.000000	0.000000
-0.745766	0.556167	0.000000	0.000000
-0.767911	0.589687	0.281250	0.079102
-0.773126	0.597724	0.187500	0.035156
-0.720251	0.518762	0.093750	0.008789
-0.680437	0.462994	0.000000	0.000000
-0.719073	0.517066	0.031250	0.000977
-0.741345	0.549593	0.125000	0.015625
-0.647544	0.419314	0.062500	0.003906
-0.687057	0.472047	0.031250	0.000977
-0.732307	0.536273	0.062500	0.003906
-0.725128	0.525810	0.062500	0.003906
-0.743980	0.553506	0.062500	0.003906
-0.697385	0.486346	0.125000	0.015625
-0.727928	0.529879	0.093750	0.008789
-0.706550	0.499213	0.218750	0.047852
-0.703949	0.495544	0.062500	0.003906
-0.714474	0.510472	0.093750	0.008789
-0.712480	0.507628	0.343750	0.118164
-0.685133	0.469407	0.093750	0.008789
-0.699764	0.489669	0.375000	0.140625
-0.718023	0.515557	0.031250	0.000977
-0.688607	0.474180	0.281250	0.079102
-0.675897	0.456837	0.062500	0.003906
-0.724663	0.525137	0.156250	0.024414
-0.749958	0.562437	0.156250	0.024414
-0.702883	0.494044	0.031250	0.000977
-0.715407	0.511807	0.062500	0.003906
-0.710054	0.504177	0.062500	0.003906
-0.708312	0.501706	0.250000	0.062500
-0.645720	0.416954	0.093750	0.008789
-0.714435	0.510417	0.062500	0.003906
-0.760859	0.578906	0.000000	0.000000
-0.716515	0.513393	0.031250	0.000977
-0.720716	0.519431	0.000000	0.000000
-0.724149	0.524392	0.250000	0.062500
-0.692105	0.479010	0.031250	0.000977
-0.742429	0.551201	0.156250	0.024414
-0.716046	0.512721	0.125000	0.015625
-0.769289	0.591806	0.125000	0.015625
-0.740074	0.547709	0.062500	0.003906
-0.683034	0.466536	0.156250	0.024414
-0.757012	0.573066	0.031250	0.000977
-0.700661	0.490926	0.031250	0.000977
-0.645884	0.417167	0.187500	0.035156
-0.674985	0.455604	0.187500	0.035156
-0.739228	0.546457	0.000000	0.000000
-0.698569	0.487999	0.156250	0.024414
-0.728991	0.531428	0.093750	0.008789
-0.750345	0.563017	0.250000	0.062500
-0.723167	0.522970	0.250000	0.062500
-0.710748	0.505163	0.062500	0.003906
-0.755124	0.570212	0.093750	0.008789
-0.713392	0.508929	0.000000	0.000000
-0.708648	0.502181	0.000000	0.000000
-0.752683	0.566532	0.156250	0.024414
-0.734030	0.538801	0.281250	0.079102
-0.740331	0.548090	0.062500	0.003906
-0.711796	0.506654	0.250000	0.062500
-0.751781	0.565174	0.031250	0.000977
-0.748075	0.559616	0.093750	0.008789
-0.704427	0.496218	0.125000	0.015625
-0.718503	0.516246	0.031250	0.000977
-0.676444	0.457577	0.031250	0.000977
-0.697635	0.486695	0.218750	0.047852
-0.700296	0.490415	0.187500	0.035156
-0.698815	0.488342	0.125000	0.015625
-0.690946	0.477407	0.062500	0.003906
-0.707691	0.500827	0.062500	0.003906
-0.742009	0.550578	0.031250	0.000977
-0.691457	0.478113	0.218750	0.047852
-0.701063	0.491490	0.125000	0.015625
-0.695269	0.483399	0.187500	0.035156
-0.739852	0.547381	0.031250	0.000977
-0.733968	0.538709	0.281250	0.079102
-0.748860	0.560791	0.125000	0.015625
-0.712261	0.507316	0.218750	0.047852
-0.695018	0.483050	0.218750	0.047852
-0.771993	0.595973	0.156250	0.024414
-0.699417	0.489185	0.125000	0.015625
-0.698040	0.487260	0.000000	0.000000
-0.749190	0.561286	0.062500	0.003906
-0.716906	0.513955	0.031250	0.000977
-0.769660	0.592377	0.000000	0.000000
-0.692306	0.479287	0.000000	0.000000
-0.769434	0.592028	0.093750	0.008789
-0.739696	0.547150	0.156250	0.024414
-0.704835	0.496793	0.031250	0.000977
-0.704018	0.495642	0.062500	0.003906
-0.722636	0.522202	0.281250	0.079102
-0.730029	0.532942	0.093750	0.008789
-0.694793	0.482737	0.093750	0.008789
-0.706386	0.498981	0.031250	0.000977
-0.703142	0.494408	0.125000	0.015625
-0.684610	0.468691	0.093750	0.008789
-0.721348	0.520343	0.000000	0.000000
-0.690428	0.476691	0.031250	0.000977
-0.695980	0.484389	0.093750	0.008789
-0.707981	0.501237	0.062500	0.003906
-0.665065	0.442312	0.218750	0.047852
-0.678709	0.460645	0.218750	0.047852
-0.727339	0.529022	0.062500	0.003906
-0.755878	0.571352	0.218750	0.047852
-0.736984	0.543145	0.062500	0.003906
-0.701649	0.492312	0.062500	0.003906
-0.687338	0.472434	0.031250	0.000977
-0.746211	0.556830	0.093750	0.008789
-0.683417	0.467058	0.093750	0.008789
-0.676057	0.457053	0.125000	0.015625
-0.688007	0.473354	0.031250	0.000977
-0.737214	0.543484	0.062500	0.003906
-0.702721	0.493816	0.031250	0.000977
-0.791350	0.626235	0.062500	0.003906
-0.706359	0.498943	0.125000	0.015625
-0.771875	0.595791	0.156250	0.024414
-0.723498	0.523449	0.000000	0.000000
-0.733172	0.537541	0.218750	0.047852
-0.694546	0.482393	0.000000	0.000000
-0.760814	0.578838	0.375000	0.140625
-0.771905	0.595837	0.093750	0.008789
-0.736717	0.542752	0.156250	0.024414
-0.754507	0.569282	0.093750	0.008789
-0.727550	0.529329	0.093750	0.008789
-0.696348	0.484901	0.000000	0.000000
-0.748696	0.560546	0.218750	0.047852
-0.720517	0.519144	0.093750	0.008789
-0.756939	0.572957	0.093750	0.008789
-0.695708	0.484010	0.281250	0.079102
-0.661724	0.437879	0.031250	0.000977
-0.725168	0.525869	0.062500	0.003906
-0.707265	0.500224	0.062500	0.003906
-0.726989	0.528512	0.031250	0.000977
-0.752047	0.565575	0.062500	0.003906
-0.707951	0.501195	0.062500	0.003906
-0.697946	0.487128	0.187500	0.035156
-0.684352	0.468337	0.031250	0.000977
-0.691476	0.478139	0.062500	0.003906
-0.692441	0.479475	0.031250	0.000977
-0.705568	0.497827	0.031250	0.000977
-0.707219	0.500159	0.062500	0.003906
-0.733935	0.538661	0.156250	0.024414
-0.698041	0.487261	0.156250	0.024414
-0.710441	0.504726	0.093750	0.008789
-0.735319	0.540694	0.218750	0.047852
-0.701934	0.492711	0.093750	0.008789
-0.672228	0.451890	0.093750	0.008789
-0.732180	0.536088	0.187500	0.035156
-0.717217	0.514400	0.125000	0.015625
-0.719265	0.517342	0.093750	0.008789
-0.699978	0.489969	0.031250	0.000977
-0.740338	0.548100	0.031250	0.000977
-0.734731	0.539830	0.093750	0.008789
-0.738544	0.545448	0.031250	0.000977
-0.719190	0.517234	0.031250	0.000977
-0.703434	0.494819	0.093750	0.008789
-0.667266	0.445244	0.218750	0.047852
-0.687800	0.473069	0.187500	0.035156
-0.724133	0.524369	0.031250	0.000977
-0.752030	0.565549	0.031250	0.000977
-0.733302	0.537732	0.156250	0.024414
-0.785523	0.617046	0.281250	0.079102
-0.711760	0.506603	0.093750	0.008789
-0.671756	0.451256	0.062500	0.003906
-0.696512	0.485129	0.062500	0.003906
-0.700534	0.490747	0.000000	0.000000
-0.673971	0.454237	0.281250	0.079102
-0.686721	0.471586	0.062500	0.003906
-0.736672	0.542686	0.156250	0.024414
-0.716323	0.513119	0.031250	0.000977
-0.691760	0.478532	0.031250	0.000977
-0.697491	0.486494	0.125000	0.015625
-0.712955	0.508304	0.031250	0.000977
-0.716151	0.512872	0.062500	0.003906
-0.732360	0.536352	0.062500	0.003906
-0.718910	0.516832	0.031250	0.000977
-0.737384	0.543735	0.031250	0.000977
-0.693861	0.481442	0.156250	0.024414
-0.699171	0.488839	0.187500	0.035156
-0.723621	0.523627	0.031250	0.000977
-0.736629	0.542622	0.125000	0.015625
-0.712452	0.507588	0.062500	0.003906
-0.739936	0.547506	0.031250	0.000977
-0.730250	0.533264	0.000000	0.000000
-0.710756	0.505174	0.000000	0.000000
-0.724616	0.525068	0.093750	0.008789
-0.705964	0.498386	0.031250	0.000977
-0.786863	0.619154	0.093750	0.008789
-0.681785	0.464831	0.125000	0.015625
-0.730922	0.534247	0.093750	0.008789
-0.702520	0.493534	0.031250	0.000977
-0.761184	0.579402	0.250000	0.062500
-0.701488	0.492085	0.187500	0.035156
-0.790014	0.624122	0.031250	0.000977
-0.724575	0.525009	0.031250	0.000977
-0.722200	0.521573	0.093750	0.008789
-0.713066	0.508463	0.031250	0.000977
-0.748191	0.559790	0.062500	0.003906
-0.704738	0.496656	0.093750	0.008789
-0.728528	0.530754	0.031250	0.000977
-0.722976	0.522695	0.062500	0.003906
-0.692813	0.479990	0.062500	0.003906
-0.715718	0.512253	0.093750	0.008789
-0.726078	0.527189	0.031250	0.000977
-0.705741	0.498071	0.218750	0.047852
-0.765717	0.586323	0.187500	0.035156
-0.721327	0.520313	0.031250	0.000977
-0.747361	0.558548	0.031250	0.000977
-0.700318	0.490445	0.031250	0.000977
-0.680717	0.463376	0.062500	0.003906
-0.724291	0.524598	0.000000	0.000000
-0.719091	0.517092	0.125000	0.015625
-0.726918	0.528410	0.000000	0.000000
-0.699056	0.488679	0.156250	0.024414
-0.762381	0.581224	0.156250	0.024414
-0.693698	0.481216	0.000000	0.000000
-0.717114	0.514252	0.093750	0.008789
-0.698670	0.488140	0.187500	0.035156
-0.724151	0.524394	0.156250	0.024414
-0.717176	0.514341	0.125000	0.015625
-0.692058	0.478944	0.187500	0.035156
-0.730436	0.533537	0.031250	0.000977
-0.710979	0.505491	0.093750	0.008789
-0.716559	0.513457	0.031250	0.000977
-0.699362	0.489108	0.062500	0.003906
-0.694780	0.482720	0.000000	0.000000
-0.697107	0.485957	0.125000	0.015625
-0.705281	0.497421	0.062500	0.003906
-0.693013	0.480268	0.250000	0.062500
-0.684334	0.468313	0.062500	0.003906
-0.716502	0.513375	0.093750	0.008789
-0.705282	0.497423	0.031250	0.000977
-0.724808	0.525347	0.062500	0.003906
-0.705771	0.498113	0.187500	0.035156
-0.668021	0.446252	0.125000	0.015625
-0.704340	0.496094	0.187500	0.035156
-0.707117	0.500014	0.187500	0.035156
-0.802328	0.643730	0.156250	0.024414
-0.720789	0.519537	0.125000	0.015625
-0.712577	0.507766	0.187500	0.035156
-0.750142	0.562714	0.031250	0.000977
-0.703120	0.494378	0.062500	0.003906
-0.703565	0.495004	0.062500	0.003906
-0.779797	0.608084	0.218750	0.047852
-0.693117	0.480412	0.125000	0.015625
-0.670499	0.449569	0.187500	0.035156
-0.729131	0.531631	0.031250	0.000977
-0.714369	0.510323	0.000000	0.000000
-0.714566	0.510605	0.062500	0.003906
-0.744506	0.554289	0.000000	0.000000
-0.665613	0.443040	0.031250	0.000977
-0.702513	0.493525	0.125000	0.015625
-0.754467	0.569220	0.156250	0.024414
-0.744899	0.554874	0.218750	0.047852
-0.736927	0.543062	0.093750	0.008789
-0.704647	0.496527	0.187500	0.035156
-0.723147	0.522942	0.031250	0.000977
-0.752517	0.566282	0.031250	0.000977
-0.692954	0.480185	0.031250	0.000977
-0.750110	0.562665	0.062500	0.003906
-0.712155	0.507165	0.000000	0.000000
-0.767681	0.589334	0.062500	0.003906
-0.704100	0.495756	0.312500	0.097656
-0.743182	0.552319	0.093750	0.008789
-0.701306	0.491830	0.031250	0.000977
-0.710678	0.505063	0.031250	0.000977
-0.702770	0.493886	0.062500	0.003906
-0.714139	0.509995	0.031250	0.000977
-0.683218	0.466787	0.156250	0.024414
-0.696025	0.484450	0.000000	0.000000
-0.689028	0.474759	0.093750	0.008789
-0.692912	0.480127	0.062500	0.003906
-0.711685	0.506495	0.031250	0.000977
-0.737937	0.544551	0.062500	0.003906
-0.697274	0.486191	0.156250	0.024414
-0.715321	0.511684	0.187500	0.035156
-0.706448	0.499069	0.312500	0.097656
-0.669090	0.447681	0.125000	0.015625
-0.683506	0.467180	0.062500	0.003906
-0.650037	0.422548	0.187500	0.035156
-0.709981	0.504073	0.062500	0.003906
-0.698190	0.487470	0.156250	0.024414
-0.701181	0.491655	0.125000	0.015625
-0.709115	0.502844	0.000000	0.000000
-0.729521	0.532201	0.093750	0.008789
-0.705874	0.498258	0.093750	0.008789
-0.740590	0.548473	0.062500	0.003906
-0.694022	0.481666	0.218750	0.047852
-0.709057	0.502762	0.406250	0.165039
-0.673844	0.454065	0.031250	0.000977
-0.714729	0.510837	0.000000	0.000000
-0.700723	0.491013	0.093750	0.008789
-0.717896	0.515375	0.093750	0.008789
-0.703072	0.494310	0.093750	0.008789
-0.701899	0.492663	0.062500	0.003906
-0.673673	0.453836	0.062500	0.003906
-0.742001	0.550566	0.281250	0.079102
-0.703312	0.494647	0.187500	0.035156
-0.723808	0.523897	0.312500	0.097656
-0.672599	0.452389	0.093750	0.008789
-0.731683	0.535359	0.093750	0.008789
-0.774271	0.599495	0.062500	0.003906
-0.715962	0.512601	0.062500	0.003906
-0.696402	0.484976	0.000000	0.000000
-0.708039	0.501319	0.093750	0.008789
-0.700025	0.490035	0.156250	0.024414
-0.753983	0.568491	0.156250	0.024414
-0.757859	0.574350	0.156250	0.024414
-0.733969	0.538710	0.062500	0.003906
-0.704264	0.495988	0.031250	0.000977
-0.712279	0.507341	0.062500	0.003906
-0.701886	0.492644	0.031250	0.000977
-0.771886	0.595808	0.312500	0.097656
-0.728556	0.530794	0.000000	0.000000
-0.709158	0.502905	0.000000	0.000000
-0.679227	0.461349	0.156250	0.024414
-0.731072	0.534466	0.000000	0.000000
-0.717544	0.514869	0.062500	0.003906
-0.702827	0.493965	0.031250	0.000977
-0.746978	0.557977	0.000000	0.000000
-0.735839	0.541458	0.062500	0.003906
-0.704575	0.496427	0.000000	0.000000
-0.715911	0.512528	0.187500	0.035156
-0.714563	0.510600	0.031250	0.000977
-0.739209	0.546430	0.031250	0.000977
-0.728068	0.530083	0.125000	0.015625
-0.750725	0.563588	0.031250	0.000977
-0.728978	0.531409	0.031250	0.000977
-0.704058	0.495698	0.218750	0.047852
-0.765615	0.586167	0.062500	0.003906
-0.721126	0.520023	0.031250	0.000977
-0.751298	0.564448	0.343750	0.118164
-0.701510	0.492116	0.156250	0.024414
-0.693665	0.481172	0.093750	0.008789
-0.711224	0.505840	0.093750	0.008789
-0.687126	0.472142	0.187500	0.035156
-0.700012	0.490017	0.093750	0.008789
-0.671859	0.451395	0.093750	0.008789
-0.697744	0.486846	0.031250	0.000977
-0.727049	0.528600	0.031250	0.000977
-0.711236	0.505857	0.062500	0.003906
-0.727800	0.529692	0.062500	0.003906
-0.718557	0.516324	0.000000	0.000000
-0.744892	0.554864	0.281250	0.079102
-0.681236	0.464083	0.156250	0.024414
-0.696910	0.485684	0.187500	0.035156
-0.726554	0.527881	0.093750	0.008789
-0.720501	0.519121	0.187500	0.035156
-0.711289	0.505932	0.093750	0.008789
-0.740801	0.548786	0.000000	0.000000
-0.705419	0.497616	0.125000	0.015625
-0.720106	0.518553	0.000000	0.000000
-0.704171	0.495856	0.093750	0.008789
-0.746287	0.556944	0.156250	0.024414
-0.693218	0.480551	0.125000	0.015625
-0.772874	0.597334	0.000000	0.000000
-0.717610	0.514964	0.343750	0.118164
-0.741228	0.549419	0.156250	0.024414
-0.676594	0.457780	0.093750	0.008789
-0.740193	0.547886	0.093750	0.008789
-0.659386	0.434790	0.250000	0.062500
-0.715542	0.512001	0.125000	0.015625
-0.710212	0.504401	0.031250	0.000977
-0.734931	0.540124	0.031250	0.000977
-0.738784	0.545802	0.156250	0.024414
-0.690690	0.477053	0.125000	0.015625
-0.698906	0.488470	0.093750	0.008789
-0.674645	0.455145	0.062500	0.003906
-0.707680	0.500811	0.156250	0.024414
-0.727343	0.529027	0.312500	0.097656
-0.696831	0.485573	0.250000	0.062500
-0.687840	0.473124	0.031250	0.000977
-0.710141	0.504301	0.187500	0.035156
-0.683164	0.466713	0.031250	0.000977
-0.706462	0.499089	0.031250	0.000977
-0.710095	0.504235	0.218750	0.047852
-0.709011	0.502697	0.125000	0.015625
-0.699222	0.488912	0.000000	0.000000
-0.719928	0.518297	0.062500	0.003906
-0.688047	0.473409	0.125000	0.015625
-0.722682	0.522269	0.062500	0.003906
-0.716571	0.513474	0.000000	0.000000
-0.747712	0.559074	0.031250	0.000977
-0.724834	0.525384	0.031250	0.000977
-0.666658	0.444432	0.125000	0.015625
-0.710943	0.505440	0.156250	0.024414
-0.733662	0.538260	0.125000	0.015625
-0.738767	0.545777	0.125000	0.015625
-0.692631	0.479738	0.125000	0.015625
-0.706081	0.498550	0.031250	0.000977
-0.696798	0.485527	0.156250	0.024414
-0.715021	0.511254	0.093750	0.008789
-0.732121	0.536001	0.125000	0.015625
-0.709914	0.503978	0.031250	0.000977
-0.747707	0.559065	0.031250	0.000977
-0.713355	0.508876	0.000000	0.000000
-0.722229	0.521615	0.000000	0.000000
-0.727520	0.529285	0.062500	0.003906
-0.693659	0.481162	0.031250	0.000977
-0.704327	0.496076	0.093750	0.008789
-0.708227	0.501585	0.093750	0.008789
-0.702329	0.493267	0.093750	0.008789
-0.736794	0.542865	0.125000	0.015625
-0.745650	0.555994	0.031250	0.000977
-0.704049	0.495685	0.031250	0.000977
-0.701208	0.491693	0.062500	0.003906
-0.700491	0.490687	0.062500	0.003906
-0.692061	0.478948	0.062500	0.003906
-0.719230	0.517292	0.062500	0.003906
-0.690085	0.476217	0.093750	0.008789
-0.721081	0.519958	0.093750	0.008789
-0.689730	0.475728	0.000000	0.000000
-0.697227	0.486125	0.000000	0.000000
-0.743467	0.552743	0.093750	0.008789
-0.681682	0.464690	0.031250	0.000977
-0.664954	0.442164	0.062500	0.003906
-0.729638	0.532371	0.093750	0.008789
-0.729407	0.532035	0.031250	0.000977
-0.809112	0.654662	0.125000	0.015625
-0.680363	0.462893	0.031250	0.000977
-0.690602	0.476931	0.093750	0.008789
-0.705076	0.497132	0.093750	0.008789
-0.678992	0.461030	0.281250	0.079102
-0.702601	0.493648	0.093750	0.008789
-0.723398	0.523305	0.062500	0.003906
-0.705674	0.497975	0.062500	0.003906
-0.724710	0.525204	0.156250	0.024414
-0.672660	0.452472	0.156250	0.024414
-0.700114	0.490160	0.187500	0.035156
-0.718880	0.516789	0.125000	0.015625
-0.718100	0.515668	0.062500	0.003906
-0.724715	0.525211	0.062500	0.003906
-0.738166	0.544890	0.125000	0.015625
-0.705607	0.497881	0.062500	0.003906
-0.726541	0.527862	0.093750	0.008789
-0.684707	0.468823	0.031250	0.000977
-0.715221	0.511541	0.125000	0.015625
-0.710610	0.504966	0.031250	0.000977
-0.711673	0.506479	0.062500	0.003906
-0.704128	0.495796	0.156250	0.024414
-0.685951	0.470529	0.000000	0.000000
-0.683709	0.467458	0.062500	0.003906
-0.700416	0.490583	0.000000	0.000000
-0.707148	0.500059	0.093750	0.008789
-0.687972	0.473306	0.125000	0.015625
-0.722081	0.521401	0.125000	0.015625
-0.746145	0.556733	0.000000	0.000000
-0.747880	0.559325	0.031250	0.000977
-0.674503	0.454954	0.031250	0.000977
-0.724747	0.525258	0.125000	0.015625
-0.738785	0.545803	0.000000	0.000000
-0.718057	0.515605	0.156250	0.024414
-0.714683	0.510771	0.000000	0.000000
-0.700536	0.490751	0.125000	0.015625
-0.733298	0.537726	0.062500	0.003906
-0.728008	0.529996	0.062500	0.003906
-0.700144	0.490201	0.062500	0.003906
-0.686680	0.471529	0.187500	0.035156
-0.723658	0.523680	0.250000	0.062500
-0.726762	0.528184	0.000000	0.000000
-0.696545	0.485175	0.031250	0.000977
-0.694041	0.481693	0.031250	0.000977
-0.713580	0.509196	0.031250	0.000977
-0.682517	0.465830	0.093750	0.008789
-0.709356	0.503186	0.031250	0.000977
-0.706975	0.499814	0.093750	0.008789
-0.720627	0.519303	0.062500	0.003906
