# Energy	Energy^2	Magnetic	Magnet^2
-0.747532	0.558804	0.062500	0.003906
-0.733124	0.537471	0.109375	0.011963
-0.753576	0.567876	0.093750	0.008789
-0.745325	0.555510	0.023438	0.000549
-0.760827	0.578858	0.054688	0.002991
-0.725036	0.525678	0.031250	0.000977
-0.730685	0.533901	0.023438	0.000549
-0.755827	0.571274	0.031250	0.000977
-0.737031	0.543214	0.007812	0.000061
-0.730663	0.533869	0.132812	0.017639
-0.730644	0.533840	0.054688	0.002991
-0.747510	0.558771	0.015625	0.000244
-0.745694	0.556059	0.007812	0.000061
-0.745743	0.556132	0.046875	0.002197
-0.735441	0.540873	0.062500	0.003906
-0.746978	0.557976	0.031250	0.000977
-0.738863	0.545919	0.062500	0.003906
-0.745986	0.556495	0.039062	0.001526
-0.733276	0.537693	0.007812	0.000061
-0.746471	0.557219	0.070312	0.004944
-0.737268	0.543564	0.132812	0.017639
-0.757200	0.573352	0.054688	0.002991
-0.736889	0.543006	0.132812	0.017639
-0.732419	0.536437	0.015625	0.000244
-0.741605	0.549977	0.054688	0.002991
-0.756042	0.571600	0.039062	0.001526
-0.735350	0.540740	0.093750	0.008789
-0.753116	0.567183	0.070312	0.004944
-0.740990	0.549066	0.015625	0.000244
-0.758738	0.575684	0.031250	0.000977
-0.743480	0.552762	0.031250	0.000977
-0.737826	0.544387	0.039062	0.001526
-0.748176	0.559767	0.117188	0.013733
-0.740019	0.547628	0.101562	0.010315
-0.753533	0.567811	0.054688	0.002991
-0.746469	0.557216	0.031250	0.000977
-0.752612	0.566424	0.023438	0.000549
-0.742433	0.551207	0.078125	0.006104
-0.730624	0.533812	0.054688	0.002991
-0.730153	0.533123	0.070312	0.004944
-0.743094	0.552189	0.015625	0.000244
-0.742895	0.551894	0.062500	0.003906
-0.759550	0.576917	0.046875	0.002197
-0.742297	0.551005	0.101562	0.010315
-0.751859	0.565292	0.226562	0.051331
-0.741583	0.549945	0.078125	0.006104
-0.742912	0.551919	0.062500	0.003906
-0.732535	0.536608	0.109375	0.011963
-0.744653	0.554508	0.023438	0.000549
-0.744486	0.554259	0.007812	0.000061
-0.760102	0.577755	0.031250	0.000977
-0.744063	0.553630	0.046875	0.002197
-0.738868	0.545926	0.023438	0.000549
-0.747958	0.559442	0.039062	0.001526
-0.764589	0.584596	0.039062	0.001526
-0.760566	0.578460	0.039062	0.001526
-0.727451	0.529184	0.031250	0.000977
-0.742904	0.551907	0.046875	0.002197
-0.741827	0.550307	0.031250	0.000977
-0.746605	0.557419	0.046875	0.002197
-0.750079	0.562619	0.023438	0.000549
-0.738175	0.544903	0.070312	0.004944
-0.767408	0.588915	0.125000	0.015625
-0.751115	0.564174	0.046875	0.002197
-0.750326	0.562989	0.031250	0.000977
-0.739237	0.546472	0.085938	0.007385
-0.726080	0.527192	0.046875	0.002197
-0.743362	0.552587	0.093750	0.008789
-0.734531	0.539536	0.062500	0.003906
-0.730697	0.533918	0.023438	0.000549
-0.736234	0.542041	0.054688	0.002991
-0.754455	0.569202	0.031250	0.000977
-0.730313	0.533358	0.070312	0.004944
-0.727558	0.529341	0.023438	0.000549
-0.738757	0.545761	0.062500	0.003906
-0.729786	0.532587	0.085938	0.007385
-0.729552	0.532246	0.078125	0.006104
-0.728902	0.531298	0.015625	0.000244
-0.756530	0.572338	0.039062	0.001526
-0.759155	0.576316	0.015625	0.000244
-0.747695	0.559049	0.046875	0.002197
-0.765357	0.585771	0.070312	0.004944
-0.744342	0.554045	0.039062	0.001526
-0.743195	0.552338	0.093750	0.008789
-0.747274	0.558419	0.078125	0.006104
-0.740379	0.548161	0.039062	0.001526
-0.736165	0.541939	0.046875	0.002197
-0.729687	0.532443	0.015625	0.000244
-0.739816	0.547328	0.000000	0.000000
-0.729075	0.531551	0.117188	0.013733
-0.749023	0.561035	0.093750	0.008789
-0.739893	0.547441	0.093750	0.008789
-0.740946	0.549001	0.023438	0.000549
-0.736350	0.542212	0.000000	0.000000
-0.736157	0.541927	0.015625	0.000244
-0.734910	0.540092	0.039062	0.001526
-0.738227	0.544979	0.023438	0.000549
-0.732363	0.536356	0.093750	0.008789
-0.742917	0.551925	0.015625	0.000244
-0.742322	0.551041	0.085938	0.007385
-0.742993	0.552039	0.015625	0.000244
-0.737219	0.543492	0.039062	0.001526
-0.737535	0.543959	0.000000	0.000000
-0.745363	0.555566	0.125000	0.015625
-0.741976	0.550529	0.031250	0.000977
-0.743627	0.552982	0.031250	0.000977
-0.751214	0.564322	0.046875	0.002197
-0.721286	0.520253	0.046875	0.002197
-0.747824	0.559240	0.007812	0.000061
-0.740233	0.547945	0.031250	0.000977
-0.731299	0.534798	0.007812	0.000061
-0.744458	0.554218	0.054688	0.002991
-0.746056	0.556599	0.046875	0.002197
-0.743090	0.552183	0.101562	0.010315
-0.737552	0.543983	0.085938	0.007385
-0.736368	0.542238	0.031250	0.000977
-0.733113	0.537454	0.000000	0.000000
-0.743556	0.552875	0.109375	0.011963
-0.748221	0.559835	0.054688	0.002991
-0.741854	0.550347	0.023438	0.000549
-0.761648	0.580108	0.007812	0.000061
-0.740794	0.548776	0.039062	0.001526
-0.733956	0.538691	0.015625	0.000244
-0.744075	0.553648	0.031250	0.000977
-0.736666	0.542677	0.007812	0.000061
-0.740230	0.547940	0.046875	0.002197
-0.732532	0.536602	0.007812	0.000061
-0.745065	0.555122	0.031250	0.000977
-0.746894	0.557850	0.023438	0.000549
-0.732896	0.537137	0.070312	0.004944
-0.737440	0.543818	0.039062	0.001526
-0.756198	0.571835	0.101562	0.010315
-0.733949	0.538680	0.093750	0.008789
-0.735388	0.540795	0.078125	0.006104
-0.734443	0.539407	0.031250	0.000977
-0.744335	0.554035	0.000000	0.000000
-0.754580	0.569390	0.132812	0.017639
-0.743310	0.552509	0.062500	0.003906
-0.744098	0.553683	0.023438	0.000549
-0.746350	0.557039	0.015625	0.000244
-0.732555	0.536637	0.078125	0.006104
-0.728577	0.530825	0.062500	0.003906
-0.746641	0.557473	0.054688	0.002991
-0.739838	0.547360	0.046875	0.002197
-0.738495	0.545375	0.015625	0.000244
-0.764622	0.584647	0.007812	0.000061
-0.749861	0.562292	0.007812	0.000061
-0.738737	0.545733	0.007812	0.000061
-0.753676	0.568028	0.007812	0.000061
-0.749490	0.561735	0.046875	0.002197
-0.725361	0.526148	0.046875	0.002197
-0.738225	0.544975	0.078125	0.006104
-0.748328	0.559995	0.039062	0.001526
-0.743044	0.552115	0.140625	0.019775
-0.731911	0.535694	0.062500	0.003906
-0.743264	0.552442	0.117188	0.013733
-0.737533	0.543955	0.023438	0.000549
-0.743041	0.552111	0.031250	0.000977
-0.738042	0.544705	0.054688	0.002991
-0.733305	0.537736	0.093750	0.008789
-0.744190	0.553819	0.046875	0.002197
-0.730288	0.533321	0.046875	0.002197
-0.739108	0.546280	0.062500	0.003906
-0.735027	0.540265	0.039062	0.001526
-0.754888	0.569856	0.093750	0.008789
-0.745548	0.555842	0.140625	0.019775
-0.761767	0.580289	0.054688	0.002991
-0.729701	0.532463	0.054688	0.002991
-0.743207	0.552357	0.125000	0.015625
-0.748869	0.560805	0.070312	0.004944
-0.730954	0.534294	0.000000	0.000000
-0.742409	0.551172	0.101562	0.010315
-0.746212	0.556832	0.062500	0.003906
-0.730401	0.533486	0.015625	0.000244
-0.742042	0.550627	0.109375	0.011963
-0.737673	0.544162	0.078125	0.006104
-0.731044	0.534425	0.023438	0.000549
-0.752322	0.565989	0.023438	0.000549
-0.736892	0.543010	0.109375	0.011963
-0.740127	0.547788	0.179688	0.032288
-0.737219	0.543491	0.109375	0.011963
-0.731385	0.534924	0.078125	0.006104
-0.743569	0.552895	0.093750	0.008789
-0.740466	0.548291	0.070312	0.004944
-0.737451	0.543834	0.093750	0.008789
-0.739249	0.546489	0.007812	0.000061
-0.731517	0.535117	0.093750	0.008789
-0.736660	0.542668	0.031250	0.000977
-0.751531	0.564799	0.007812	0.000061
-0.735519	0.540988	0.101562	0.010315
-0.725792	0.526775	0.007812	0.000061
-0.741367	0.549625	0.000000	0.000000
-0.753928	0.568407	0.070312	0.004944
-0.738404	0.545240	0.023438	0.000549
-0.744066	0.553634	0.101562	0.010315
-0.748808	0.560714	0.054688	0.002991
-0.755745	0.571150	0.046875	0.002197
-0.755245	0.570396	0.093750	0.008789
-0.747866	0.559304	0.085938	0.007385
-0.759306	0.576545	0.039062	0.001526
-0.733823	0.538497	0.132812	0.017639
-0.749566	0.561849	0.023438	0.000549
-0.737667	0.544152	0.031250	0.000977
-0.741522	0.549855	0.070312	0.004944
-0.747803	0.559209	0.070312	0.004944
-0.747776	0.559170	0.023438	0.000549
-0.732081	0.535942	0.031250	0.000977
-0.741181	0.549349	0.015625	0.000244
-0.754498	0.569267	0.085938	0.007385
-0.739654	0.547088	0.062500	0.003906
-0.735286	0.540646	0.039062	0.001526
-0.732195	0.536110	0.007812	0.000061
-0.749432	0.561649	0.062500	0.003906
-0.750068	0.562603	0.039062	0.001526
-0.750238	0.562857	0.000000	0.000000
-0.749155	0.561233	0.023438	0.000549
-0.754111	0.568683	0.007812	0.000061
-0.732534	0.536607	0.039062	0.001526
-0.730317	0.533362	0.085938	0.007385
-0.734242	0.539112	0.062500	0.003906
-0.725700	0.526640	0.023438	0.000549
-0.737515	0.543928	0.046875	0.002197
-0.735106	0.540381	0.023438	0.000549
-0.749086	0.561130	0.062500	0.003906
-0.760130	0.577797	0.000000	0.000000
-0.740481	0.548312	0.085938	0.007385
-0.712334	0.507419	0.085938	0.007385
-0.739280	0.546535	0.070312	0.004944
-0.744267	0.553934	0.023438	0.000549
-0.748948	0.560924	0.054688	0.002991
-0.741026	0.549119	0.039062	0.001526
-0.740774	0.548745	0.070312	0.004944
-0.738862	0.545917	0.015625	0.000244
-0.743110	0.552212	0.015625	0.000244
-0.739574	0.546970	0.023438	0.000549
-0.732311	0.536280	0.125000	0.015625
-0.741827	0.550307	0.007812	0.000061
-0.748512	0.560270	0.007812	0.000061
-0.740473	0.548300	0.039062	0.001526
-0.736243	0.542054	0.085938	0.007385
-0.735021	0.540256	0.031250	0.000977
-0.755886	0.571364	0.039062	0.001526
-0.750220	0.562830	0.039062	0.001526
-0.737227	0.543504	0.039062	0.001526
-0.737658	0.544139	0.031250	0.000977
-0.725488	0.526333	0.039062	0.001526
-0.756616	0.572468	0.007812	0.000061
-0.734415	0.539366	0.046875	0.002197
-0.755816	0.571258	0.062500	0.003906
-0.747645	0.558973	0.062500	0.003906
-0.743903	0.553391	0.023438	0.000549
-0.733559	0.538109	0.000000	0.000000
-0.733543	0.538086	0.046875	0.002197
-0.731074	0.534469	0.007812	0.000061
-0.779229	0.607199	0.054688	0.002991
-0.739223	0.546451	0.070312	0.004944
-0.759460	0.576780	0.023438	0.000549
-0.736318	0.542164	0.070312	0.004944
-0.748719	0.560580	0.007812	0.000061
-0.731017	0.534385	0.070312	0.004944
-0.737757	0.544285	0.062500	0.003906
-0.751838	0.565260	0.031250	0.000977
-0.745701	0.556070	0.031250	0.000977
-0.721285	0.520253	0.015625	0.000244
-0.741308	0.549538	0.007812	0.000061
-0.752834	0.566760	0.046875	0.002197
-0.740972	0.549039	0.015625	0.000244
-0.729704	0.532468	0.054688	0.002991
-0.748171	0.559760	0.046875	0.002197
-0.733460	0.537963	0.015625	0.000244
-0.767427	0.588944	0.031250	0.000977
-0.733447	0.537945	0.031250	0.000977
-0.716558	0.513455	0.070312	0.004944
-0.747653	0.558986	0.023438	0.000549
-0.724973	0.525586	0.085938	0.007385
-0.735758	0.541340	0.125000	0.015625
-0.737400	0.543759	0.085938	0.007385
-0.741334	0.549576	0.101562	0.010315
-0.748578	0.560368	0.031250	0.000977
-0.743163	0.552291	0.085938	0.007385
-0.717741	0.515153	0.164062	0.026917
-0.744867	0.554827	0.015625	0.000244
-0.727286	0.528945	0.046875	0.002197
-0.761936	0.580546	0.078125	0.006104
-0.739207	0.546426	0.156250	0.024414
-0.735336	0.540720	0.007812	0.000061
-0.748827	0.560742	0.007812	0.000061
-0.736325	0.542174	0.046875	0.002197
-0.757805	0.574268	0.109375	0.011963
-0.738507	0.545393	0.015625	0.000244
-0.741805	0.550275	0.062500	0.003906
-0.742375	0.551121	0.046875	0.002197
-0.716296	0.513080	0.031250	0.000977
-0.746334	0.557014	0.046875	0.002197
-0.746618	0.557438	0.023438	0.000549
-0.738782	0.545799	0.031250	0.000977
-0.736443	0.542348	0.007812	0.000061
-0.737772	0.544308	0.031250	0.000977
-0.749259	0.561389	0.039062	0.001526
-0.740687	0.548617	0.023438	0.000549
-0.740534	0.548391	0.054688	0.002991
-0.738597	0.545525	0.039062	0.001526
-0.739702	0.547159	0.031250	0.000977
-0.749024	0.561036	0.000000	0.000000
-0.749008	0.561013	0.031250	0.000977
-0.751260	0.564392	0.023438	0.000549
-0.740991	0.549068	0.085938	0.007385
-0.747966	0.559454	0.109375	0.011963
-0.756998	0.573045	0.015625	0.000244
-0.741457	0.549758	0.031250	0.000977
-0.752995	0.567002	0.046875	0.002197
-0.742805	0.551759	0.046875	0.002197
-0.733201	0.537584	0.078125	0.006104
-0.728850	0.531222	0.007812	0.000061
-0.748641	0.560464	0.031250	0.000977
-0.753320	0.567491	0.039062	0.001526
-0.747921	0.559386	0.039062	0.001526
-0.725795	0.526778	0.039062	0.001526
-0.746125	0.556703	0.031250	0.000977
-0.728542	0.530773	0.046875	0.002197
-0.746410	0.557128	0.031250	0.000977
-0.739102	0.546272	0.046875	0.002197
-0.730843	0.534131	0.078125	0.006104
-0.733882	0.538583	0.054688	0.002991
-0.752291	0.565941	0.085938	0.007385
-0.735917	0.541573	0.085938	0.007385
-0.731192	0.534641	0.015625	0.000244
-0.745316	0.555496	0.039062	0.001526
-0.742074	0.550674	0.070312	0.004944
-0.752817	0.566734	0.070312	0.004944
-0.740932	0.548980	0.039062	0.001526
-0.742154	0.550793	0.054688	0.002991
-0.733494	0.538014	0.078125	0.006104
-0.753168	0.567263	0.031250	0.000977
-0.723917	0.524056	0.046875	0.002197
-0.731470	0.535049	0.062500	0.003906
-0.726878	0.528351	0.031250	0.000977
-0.747976	0.559467	0.015625	0.000244
-0.728042	0.530045	0.062500	0.003906
-0.745648	0.555991	0.031250	0.000977
-0.747510	0.558771	0.000000	0.000000
-0.748317	0.559978	0.031250	0.000977
-0.747106	0.558167	0.039062	0.001526
-0.747970	0.559459	0.015625	0.000244
-0.739013	0.546141	0.031250	0.000977
-0.740775	0.548747	0.101562	0.010315
-0.745426	0.555660	0.031250	0.000977
-0.734595	0.539629	0.078125	0.006104
-0.726247	0.527435	0.101562	0.010315
-0.738258	0.545024	0.109375	0.011963
-0.736761	0.542817	0.054688	0.002991
-0.744178	0.553801	0.078125	0.006104
-0.755793	0.571222	0.031250	0.000977
-0.742228	0.550903	0.039062	0.001526
-0.745810	0.556233	0.039062	0.001526
-0.747971	0.559461	0.062500	0.003906
-0.748893	0.560841	0.031250	0.000977
-0.757105	0.573209	0.062500	0.003906
-0.742020	0.550593	0.000000	0.000000
-0.737785	0.544326	0.070312	0.004944
-0.736529	0.542475	0.046875	0.002197
-0.739126	0.546307	0.054688	0.002991
-0.766174	0.587022	0.015625	0.000244
-0.731283	0.534775	0.070312	0.004944
-0.727626	0.529439	0.125000	0.015625
-0.743828	0.553280	0.039062	0.001526
-0.755641	0.570993	0.148438	0.022034
-0.756172	0.571796	0.031250	0.000977
-0.744126	0.553724	0.039062	0.001526
-0.742413	0.551177	0.000000	0.000000
-0.731598	0.535235	0.007812	0.000061
-0.735332	0.540713	0.054688	0.002991
-0.735381	0.540785	0.000000	0.000000
-0.754343	0.569033	0.031250	0.000977
-0.727043	0.528592	0.117188	0.013733
-0.760252	0.577983	0.109375	0.011963
-0.748693	0.560542	0.031250	0.000977
-0.744483	0.554254	0.085938	0.007385
-0.745109	0.555188	0.117188	0.013733
-0.739328	0.546606	0.000000	0.000000
-0.752096	0.565648	0.031250	0.000977
-0.754383	0.569093	0.015625	0.000244
-0.727788	0.529676	0.023438	0.000549
-0.759395	0.576680	0.046875	0.002197
-0.743633	0.552990	0.007812	0.000061
-0.736283	0.542112	0.140625	0.019775
-0.731840	0.535590	0.140625	0.019775
-0.734810	0.539945	0.062500	0.003906
-0.735497	0.540956	0.117188	0.013733
-0.746623	0.557446	0.015625	0.000244
-0.755532	0.570828	0.015625	0.000244
-0.745901	0.556369	0.148438	0.022034
-0.764525	0.584498	0.015625	0.000244
-0.744365	0.554080	0.039062	0.001526
-0.733616	0.538192	0.078125	0.006104
-0.758685	0.575603	0.054688	0.002991
-0.727308	0.528977	0.039062	0.001526
-0.755195	0.570320	0.031250	0.000977
-0.731491	0.535079	0.023438	0.000549
-0.742412	0.551175	0.007812	0.000061
-0.768498	0.590589	0.000000	0.000000
-0.757431	0.573702	0.007812	0.000061
-0.756620	0.572474	0.007812	0.000061
-0.743491	0.552779	0.015625	0.000244
-0.740505	0.548347	0.101562	0.010315
-0.743040	0.552109	0.031250	0.000977
-0.721843	0.521057	0.023438	0.000549
-0.741038	0.549137	0.000000	0.000000
-0.745662	0.556011	0.015625	0.000244
-0.731473	0.535052	0.062500	0.003906
-0.732773	0.536956	0.023438	0.000549
-0.742162	0.550804	0.046875	0.002197
-0.733013	0.537308	0.078125	0.006104
-0.751459	0.564690	0.062500	0.003906
-0.726356	0.527593	0.054688	0.002991
-0.742352	0.551086	0.054688	0.002991
-0.725723	0.526673	0.070312	0.004944
-0.761499	0.579881	0.007812	0.000061
-0.736529	0.542475	0.093750	0.008789
-0.751677	0.565018	0.031250	0.000977
-0.751093	0.564141	0.031250	0.000977
-0.743292	0.552483	0.023438	0.000549
-0.743464	0.552739	0.062500	0.003906
-0.755854	0.571315	0.031250	0.000977
-0.746882	0.557833	0.078125	0.006104
-0.749443	0.561664	0.109375	0.011963
-0.743414	0.552664	0.078125	0.006104
-0.751567	0.564853	0.054688	0.002991
-0.745199	0.555322	0.070312	0.004944
-0.734316	0.539221	0.054688	0.002991
-0.738044	0.544709	0.046875	0.002197
-0.755469	0.570734	0.023438	0.000549
-0.735851	0.541476	0.132812	0.017639
-0.741306	0.549535	0.054688	0.002991
-0.726895	0.528376	0.078125	0.006104
-0.750718	0.563577	0.039062	0.001526
-0.743734	0.553140	0.125000	0.015625
-0.732926	0.537181	0.023438	0.000549
-0.734308	0.539209	0.054688	0.002991
-0.744332	0.554030	0.039062	0.001526
-0.751762	0.565146	0.109375	0.011963
-0.739969	0.547554	0.093750	0.008789
-0.749345	0.561518	0.023438	0.000549
-0.756737	0.572652	0.015625	0.000244
-0.736339	0.542196	0.023438	0.000549
-0.747080	0.558128	0.109375	0.011963
-0.731587	0.535219	0.007812	0.000061
-0.730219	0.533219	0.054688	0.002991
-0.738666	0.545628	0.062500	0.003906
-0.743397	0.552639	0.046875	0.002197
-0.733867	0.538561	0.046875	0.002197
-0.735885	0.541526	0.078125	0.006104
-0.763434	0.582831	0.046875	0.002197
-0.760477	0.578325	0.031250	0.000977
-0.751051	0.564078	0.023438	0.000549
-0.735679	0.541223	0.101562	0.010315
-0.736958	0.543107	0.125000	0.015625
-0.751516	0.564777	0.039062	0.001526
-0.732967	0.537240	0.000000	0.000000
-0.739384	0.546688	0.054688	0.002991
-0.729644	0.532381	0.039062	0.001526
-0.747626	0.558945	0.000000	0.000000
-0.728446	0.530634	0.039062	0.001526
-0.738089	0.544776	0.171875	0.029541
-0.751513	0.564772	0.101562	0.010315
-0.751725	0.565091	0.046875	0.002197
-0.759435	0.576741	0.007812	0.000061
-0.738584	0.545507	0.164062	0.026917
-0.751454	0.564683	0.015625	0.000244
-0.710500	0.504810	0.062500	0.003906
-0.739839	0.547361	0.078125	0.006104
-0.740001	0.547601	0.156250	0.024414
-0.734903	0.540082	0.101562	0.010315
-0.747738	0.559112	0.117188	0.013733
-0.744451	0.554207	0.054688	0.002991
-0.740602	0.548491	0.031250	0.000977
-0.750335	0.563002	0.039062	0.001526
-0.762719	0.581741	0.046875	0.002197
-0.746771	0.557667	0.015625	0.000244
-0.751054	0.564082	0.000000	0.000000
-0.733534	0.538072	0.164062	0.026917
-0.735728	0.541296	0.046875	0.002197
-0.740346	0.548112	0.007812	0.000061
-0.758514	0.575343	0.031250	0.000977
-0.736475	0.542395	0.000000	0.000000
-0.748377	0.560068	0.015625	0.000244
-0.750617	0.563426	0.062500	0.003906
-0.729799	0.532607	0.046875	0.002197
-0.731922	0.535710	0.039062	0.001526
-0.743644	0.553006	0.101562	0.010315
-0.736132	0.541890	0.000000	0.000000
-0.752989	0.566992	0.007812	0.000061
-0.736942	0.543083	0.117188	0.013733
-0.740700	0.548636	0.000000	0.000000
-0.732019	0.535852	0.078125	0.006104
-0.735174	0.540480	0.054688	0.002991
-0.735747	0.541324	0.109375	0.011963
-0.743894	0.553378	0.015625	0.000244
-0.725557	0.526432	0.070312	0.004944
-0.743960	0.553476	0.039062	0.001526
-0.742878	0.551868	0.046875	0.002197
-0.726254	0.527445	0.000000	0.000000
-0.744101	0.553687	0.007812	0.000061
-0.744693	0.554568	0.078125	0.006104
-0.746389	0.557097	0.039062	0.001526
-0.735980	0.541667	0.070312	0.004944
-0.748125	0.559691	0.046875	0.002197
-0.731010	0.534376	0.023438	0.000549
-0.747546	0.558825	0.062500	0.003906
-0.724959	0.525566	0.070312	0.004944
-0.745394	0.555612	0.015625	0.000244
-0.744808	0.554739	0.039062	0.001526
-0.745894	0.556357	0.070312	0.004944
-0.726240	0.527425	0.070312	0.004944
-0.747372	0.558565	0.031250	0.000977
-0.736840	0.542934	0.031250	0.000977
-0.752488	0.566238	0.000000	0.000000
-0.739649	0.547080	0.101562	0.010315
-0.764625	0.584651	0.062500	0.003906
-0.737174	0.543426	0.125000	0.015625
-0.732415	0.536432	0.007812	0.000061
-0.742550	0.551380	0.062500	0.003906
-0.745352	0.555549	0.109375	0.011963
-0.740278	0.548012	0.015625	0.000244
-0.739325	0.546602	0.031250	0.000977
-0.751431	0.564648	0.000000	0.000000
-0.726303	0.527517	0.015625	0.000244
-0.742164	0.550807	0.023438	0.000549
-0.752197	0.565800	0.101562	0.010315
-0.760163	0.577847	0.046875	0.002197
-0.745993	0.556506	0.031250	0.000977
-0.748251	0.559880	0.015625	0.000244
-0.746870	0.557815	0.023438	0.000549
-0.748457	0.560188	0.109375	0.011963
-0.740329	0.548087	0.007812	0.000061
-0.735183	0.540495	0.046875	0.002197
-0.736070	0.541799	0.000000	0.000000
-0.744362	0.554075	0.117188	0.013733
-0.753343	0.567525	0.140625	0.019775
-0.731503	0.535096	0.085938	0.007385
-0.773736	0.598667	0.023438	0.000549
-0.748088	0.559635	0.023438	0.000549
-0.727864	0.529785	0.007812	0.000061
-0.732253	0.536195	0.007812	0.000061
-0.756465	0.572240	0.015625	0.000244
-0.734815	0.539953	0.148438	0.022034
-0.744968	0.554977	0.062500	0.003906
-0.746259	0.556902	0.007812	0.000061
-0.727601	0.529403	0.031250	0.000977
-0.737490	0.543892	0.078125	0.006104
-0.727158	0.528759	0.023438	0.000549
-0.744912	0.554894	0.085938	0.007385
-0.748880	0.560821	0.023438	0.000549
-0.740321	0.548075	0.046875	0.002197
-0.726650	0.528021	0.031250	0.000977
-0.728484	0.530690	0.007812	0.000061
-0.744824	0.554763	0.031250	0.000977
-0.740597	0.548484	0.007812	0.000061
-0.741164	0.549325	0.078125	0.006104
-0.736796	0.542869	0.054688	0.002991
-0.746240	0.556874	0.015625	0.000244
-0.739234	0.546467	0.046875	0.002197
-0.765322	0.585718	0.054688	0.002991
-0.760505	0.578368	0.054688	0.002991
-0.738021	0.544675	0.125000	0.015625
-0.738796	0.545820	0.015625	0.000244
-0.765831	0.586498	0.046875	0.002197
-0.738824	0.545861	0.054688	0.002991
-0.731095	0.534500	0.000000	0.000000
-0.734646	0.539705	0.046875	0.002197
-0.737493	0.543896	0.101562	0.010315
-0.737899	0.544494	0.015625	0.000244
-0.729180	0.531704	0.031250	0.000977
-0.737410	0.543774	0.078125	0.006104
-0.732628	0.536743	0.132812	0.017639
-0.749323	0.561485	0.062500	0.003906
-0.745796	0.556212	0.046875	0.002197
-0.766594	0.587667	0.085938	0.007385
-0.743914	0.553408	0.062500	0.003906
-0.723214	0.523038	0.023438	0.000549
-0.746481	0.557234	0.101562	0.010315
-0.733105	0.537442	0.015625	0.000244
-0.742277	0.550976	0.054688	0.002991
-0.753369	0.567565	0.015625	0.000244
-0.742416	0.551181	0.023438	0.000549
-0.735648	0.541178	0.039062	0.001526
-0.763969	0.583648	0.023438	0.000549
-0.737557	0.543990	0.140625	0.019775
-0.756706	0.572605	0.132812	0.017639
-0.738765	0.545774	0.023438	0.000549
-0.739474	0.546821	0.031250	0.000977
-0.747763	0.559150	0.031250	0.000977
-0.737405	0.543765	0.085938	0.007385
-0.751859	0.565292	0.140625	0.019775
-0.734216	0.539074	0.062500	0.003906
-0.731829	0.535573	0.007812	0.000061
-0.760496	0.578354	0.031250	0.000977
-0.742269	0.550963	0.015625	0.000244
-0.724696	0.525184	0.093750	0.008789
-0.745532	0.555817	0.015625	0.000244
-0.767069	0.588395	0.015625	0.000244
-0.738640	0.545589	0.031250	0.000977
-0.739045	0.546187	0.007812	0.000061
-0.736506	0.542442	0.007812	0.000061
-0.739912	0.547470	0.039062	0.001526
-0.733080	0.537407	0.117188	0.013733
-0.747238	0.558364	0.054688	0.002991
-0.740927	0.548972	0.093750	0.008789
-0.738850	0.545900	0.085938	0.007385
-0.741671	0.550076	0.007812	0.000061
-0.740533	0.548389	0.078125	0.006104
-0.742818	0.551778	0.007812	0.000061
-0.744810	0.554743	0.039062	0.001526
-0.749007	0.561011	0.078125	0.006104
-0.742571	0.551411	0.023438	0.000549
-0.742873	0.551860	0.085938	0.007385
-0.728931	0.531341	0.039062	0.001526
-0.743668	0.553042	0.039062	0.001526
-0.749408	0.561613	0.046875	0.002197
-0.760294	0.578046	0.000000	0.000000
-0.749991	0.562486	0.070312	0.004944
-0.736239	0.542047	0.039062	0.001526
-0.740685	0.548615	0.085938	0.007385
-0.748875	0.560814	0.078125	0.006104
-0.744449	0.554204	0.070312	0.004944
-0.743589	0.552925	0.000000	0.000000
-0.748437	0.560157	0.132812	0.017639
-0.740268	0.547997	0.007812	0.000061
-0.747026	0.558048	0.031250	0.000977
-0.758393	0.575159	0.039062	0.001526
-0.746327	0.557004	0.054688	0.002991
-0.735396	0.540808	0.046875	0.002197
-0.752960	0.566949	0.031250	0.000977
-0.737889	0.544480	0.039062	0.001526
-0.745606	0.555928	0.031250	0.000977
-0.742777	0.551718	0.031250	0.000977
-0.739467	0.546811	0.109375	0.011963
-0.748905	0.560859	0.046875	0.002197
-0.741817	0.550293	0.062500	0.003906
-0.725297	0.526056	0.015625	0.000244
-0.746859	0.557799	0.070312	0.004944
-0.755797	0.571230	0.015625	0.000244
-0.744560	0.554369	0.000000	0.000000
-0.739592	0.546996	0.054688	0.002991
-0.742533	0.551355	0.023438	0.000549
-0.748447	0.560174	0.039062	0.001526
-0.736666	0.542677	0.007812	0.000061
-0.744660	0.554518	0.039062	0.001526
-0.750581	0.563372	0.031250	0.000977
-0.755084	0.570151	0.000000	0.000000
-0.739513	0.546879	0.039062	0.001526
-0.740010	0.547614	0.195312	0.038147
-0.737708	0.544214	0.093750	0.008789
-0.746390	0.557098	0.000000	0.000000
-0.746785	0.557688	0.062500	0.003906
-0.735528	0.541001	0.015625	0.000244
-0.728284	0.530398	0.093750	0.008789
-0.750044	0.562566	0.062500	0.003906
-0.735127	0.540412	0.007812	0.000061
-0.744492	0.554269	0.148438	0.022034
-0.752791	0.566694	0.039062	0.001526
-0.751435	0.564655	0.046875	0.002197
-0.747035	0.558061	0.062500	0.003906
-0.752835	0.566761	0.062500	0.003906
-0.733078	0.537404	0.031250	0.000977
-0.747556	0.558840	0.007812	0.000061
-0.747874	0.559315	0.023438	0.000549
-0.743065	0.552145	0.078125	0.006104
-0.757249	0.573427	0.132812	0.017639
-0.748362	0.560046	0.031250	0.000977
-0.744343	0.554046	0.093750	0.008789
-0.735105	0.540379	0.101562	0.010315
-0.728303	0.530426	0.031250	0.000977
-0.740732	0.548684	0.054688	0.002991
-0.723714	0.523763	0.062500	0.003906
-0.745470	0.555725	0.101562	0.010315
-0.757959	0.574501	0.031250	0.000977
-0.731485	0.535071	0.039062	0.001526
-0.733438	0.537931	0.125000	0.015625
-0.751919	0.565382	0.085938	0.007385
-0.723254	0.523097	0.046875	0.002197
-0.744079	0.553653	0.070312	0.004944
-0.752614	0.566427	0.078125	0.006104
-0.730655	0.533857	0.015625	0.000244
-0.737640	0.544113	0.007812	0.000061
-0.739120	0.546299	0.039062	0.001526
-0.747012	0.558027	0.023438	0.000549
-0.755370	0.570584	0.078125	0.006104
-0.737409	0.543772	0.007812	0.000061
-0.742261	0.550951	0.140625	0.019775
-0.759314	0.576557	0.078125	0.006104
-0.744657	0.554514	0.046875	0.002197
-0.741232	0.549424	0.125000	0.015625
-0.781378	0.610552	0.070312	0.004944
-0.746076	0.556629	0.062500	0.003906
-0.741504	0.549828	0.164062	0.026917
-0.731529	0.535134	0.078125	0.006104
-0.733692	0.538305	0.031250	0.000977
-0.730761	0.534012	0.046875	0.002197
-0.741456	0.549757	0.015625	0.000244
-0.735815	0.541424	0.054688	0.002991
-0.738459	0.545322	0.046875	0.002197
-0.747946	0.559423	0.031250	0.000977
-0.755964	0.571481	0.054688	0.002991
-0.739085	0.546246	0.023438	0.000549
-0.736705	0.542734	0.156250	0.024414
-0.731809	0.535544	0.078125	0.006104
-0.746552	0.557340	0.007812	0.000061
-0.748176	0.559767	0.031250	0.000977
-0.750957	0.563936	0.054688	0.002991
-0.740546	0.548408	0.062500	0.003906
-0.750423	0.563134	0.085938	0.007385
-0.742484	0.551283	0.093750	0.008789
-0.737623	0.544087	0.062500	0.003906
-0.739650	0.547083	0.093750	0.008789
-0.763172	0.582432	0.039062	0.001526
-0.733119	0.537464	0.015625	0.000244
-0.744065	0.553633	0.101562	0.010315
-0.734219	0.539078	0.031250	0.000977
-0.760470	0.578314	0.046875	0.002197
-0.764504	0.584467	0.023438	0.000549
-0.735544	0.541025	0.062500	0.003906
-0.739793	0.547293	0.023438	0.000549
-0.739819	0.547332	0.000000	0.000000
-0.718608	0.516397	0.070312	0.004944
-0.744665	0.554526	0.031250	0.000977
-0.745188	0.555304	0.125000	0.015625
-0.749276	0.561414	0.109375	0.011963
-0.753316	0.567486	0.070312	0.004944
-0.748270	0.559908	0.085938	0.007385
-0.736343	0.542202	0.078125	0.006104
-0.739519	0.546888	0.039062	0.001526
-0.737375	0.543722	0.039062	0.001526
-0.744266	0.553931	0.054688	0.002991
-0.751209	0.564315	0.039062	0.001526
-0.736862	0.542966	0.039062	0.001526
-0.736292	0.542127	0.031250	0.000977
-0.739321	0.546596	0.054688	0.002991
-0.745359	0.555561	0.023438	0.000549
-0.735997	0.541692	0.062500	0.003906
-0.751367	0.564552	0.015625	0.000244
-0.739606	0.547018	0.015625	0.000244
-0.738240	0.544998	0.039062	0.001526
-0.739082	0.546242	0.046875	0.002197
-0.731154	0.534586	0.007812	0.000061
-0.747798	0.559202	0.031250	0.000977
-0.744460	0.554220	0.054688	0.002991
-0.753719	0.568092	0.093750	0.008789
-0.753025	0.567047	0.054688	0.002991
-0.733165	0.537531	0.039062	0.001526
-0.729408	0.532036	0.093750	0.008789
-0.731922	0.535710	0.054688	0.002991
-0.763163	0.582418	0.062500	0.003906
-0.738994	0.546113	0.015625	0.000244
-0.745699	0.556067	0.007812	0.000061
-0.725690	0.526626	0.015625	0.000244
-0.748944	0.560917	0.070312	0.004944
-0.748542	0.560315	0.085938	0.007385
-0.749157	0.561237	0.031250	0.000977
-0.754469	0.569224	0.046875	0.002197
-0.726301	0.527513	0.054688	0.002991
-0.753168	0.567262	0.125000	0.015625
-0.753121	0.567192	0.054688	0.002991
-0.741687	0.550100	0.070312	0.004944
-0.748605	0.560410	0.062500	0.003906
-0.739300	0.546565	0.148438	0.022034
-0.750053	0.562579	0.070312	0.004944
-0.760848	0.578889	0.117188	0.013733
-0.719905	0.518263	0.023438	0.000549
-0.741849	0.550341	0.007812	0.000061
-0.749633	0.561949	0.078125	0.006104
-0.748475	0.560214	0.125000	0.015625
-0.724904	0.525486	0.023438	0.000549
-0.750772	0.563658	0.140625	0.019775
-0.734410	0.539358	0.085938	0.007385
-0.728527	0.530751	0.046875	0.002197
-0.748575	0.560365	0.101562	0.010315
-0.733427	0.537915	0.023438	0.000549
-0.766419	0.587398	0.085938	0.007385
-0.740581	0.548460	0.078125	0.006104
-0.745393	0.555611	0.046875	0.002197
-0.743294	0.552486	0.078125	0.006104
-0.744871	0.554833	0.023438	0.000549
-0.751899	0.565352	0.031250	0.000977
-0.739683	0.547132	0.117188	0.013733
-0.738463	0.545328	0.046875	0.002197
-0.744519	0.554309	0.007812	0.000061
-0.751152	0.564229	0.007812	0.000061
-0.727998	0.529982	0.015625	0.000244
-0.752894	0.566850	0.078125	0.006104
-0.758499	0.575321	0.054688	0.002991
-0.744595	0.554421	0.132812	0.017639
-0.734257	0.539133	0.054688	0.002991
-0.744057	0.553621	0.039062	0.001526
-0.739569	0.546962	0.007812	0.000061
-0.749967	0.562451	0.031250	0.000977
-0.724461	0.524843	0.031250	0.000977
-0.754655	0.569504	0.007812	0.000061
-0.759420	0.576719	0.007812	0.000061
-0.738524	0.545417	0.000000	0.000000
-0.756198	0.571836	0.062500	0.003906
-0.737035	0.543221	0.015625	0.000244
-0.750091	0.562637	0.070312	0.004944
-0.742910	0.551916	0.015625	0.000244
-0.748600	0.560401	0.031250	0.000977
-0.751384	0.564577	0.007812	0.000061
-0.750952	0.563928	0.078125	0.006104
-0.751166	0.564251	0.007812	0.000061
-0.754325	0.569006	0.007812	0.000061
-0.746271	0.556920	0.015625	0.000244
-0.742256	0.550944	0.015625	0.000244
-0.738752	0.545755	0.015625	0.000244
-0.740121	0.547779	0.007812	0.000061
-0.736841	0.542935	0.039062	0.001526
-0.750602	0.563404	0.085938	0.007385
-0.735030	0.540270	0.023438	0.000549
-0.732315	0.536286	0.023438	0.000549
-0.748212	0.559821	0.039062	0.001526
-0.740334	0.548095	0.000000	0.000000
-0.738209	0.544953	0.039062	0.001526
-0.753107	0.567170	0.031250	0.000977
-0.741286	0.549505	0.062500	0.003906
-0.736128	0.541884	0.062500	0.003906
-0.731387	0.534927	0.117188	0.013733
-0.754655	0.569504	0.054688	0.002991
-0.743459	0.552731	0.031250	0.000977
-0.744937	0.554932	0.007812	0.000061
-0.739687	0.547138	0.093750	0.008789
-0.733687	0.538297	0.007812	0.000061
-0.773964	0.599021	0.007812	0.000061
-0.758221	0.574898	0.054688	0.002991
-0.729297	0.531874	0.046875	0.002197
-0.736155	0.541923	0.046875	0.002197
-0.745187	0.555303	0.000000	0.000000
-0.746667	0.557511	0.031250	0.000977
-0.751302	0.564454	0.054688	0.002991
-0.732631	0.536748	0.000000	0.000000
-0.754326	0.569008	0.062500	0.003906
-0.748927	0.560891	0.000000	0.000000
-0.772711	0.597082	0.140625	0.019775
-0.748920	0.560881	0.054688	0.002991
-0.741509	0.549835	0.023438	0.000549
-0.747145	0.558226	0.054688	0.002991
-0.752827	0.566749	0.101562	0.010315
-0.755404	0.570635	0.015625	0.000244
-0.756489	0.572275	0.023438	0.000549
-0.792710	0.628389	0.046875	0.002197
-0.755779	0.571203	0.101562	0.010315
-0.720312	0.518850	0.101562	0.010315
-0.740653	0.548567	0.140625	0.019775
-0.753462	0.567705	0.054688	0.002991
-0.735216	0.540542	0.062500	0.003906
-0.742929	0.551943	0.039062	0.001526
-0.742934	0.551951	0.054688	0.002991
-0.760851	0.578895	0.023438	0.000549
-0.737480	0.543877	0.070312	0.004944
-0.738930	0.546017	0.062500	0.003906
-0.748711	0.560568	0.015625	0.000244
-0.749234	0.561351	0.023438	0.000549
-0.735514	0.540980	0.031250	0.000977
-0.758550	0.575398	0.023438	0.000549
-0.737616	0.544078	0.000000	0.000000
-0.749912	0.562369	0.054688	0.002991
-0.756204	0.571844	0.007812	0.000061
-0.729887	0.532736	0.085938	0.007385
-0.743464	0.552738	0.023438	0.000549
-0.726186	0.527346	0.039062	0.001526
-0.755412	0.570647	0.101562	0.010315
-0.751255	0.564384	0.070312	0.004944
-0.735599	0.541105	0.054688	0.002991
-0.760647	0.578584	0.070312	0.004944
-0.743218	0.552373	0.179688	0.032288
-0.747656	0.558990	0.039062	0.001526
-0.734320	0.539226	0.039062	0.001526
-0.738558	0.545468	0.007812	0.000061
-0.754376	0.569083	0.039062	0.001526
-0.743490	0.552778	0.015625	0.000244
-0.730349	0.533409	0.085938	0.007385
-0.737644	0.544119	0.039062	0.001526
-0.722937	0.522638	0.023438	0.000549
-0.740467	0.548291	0.054688	0.002991
-0.751663	0.564997	0.007812	0.000061
-0.742352	0.551086	0.039062	0.001526
-0.755279	0.570446	0.031250	0.000977
-0.751834	0.565254	0.085938	0.007385
-0.740186	0.547875	0.031250	0.000977
-0.733971	0.538714	0.093750	0.008789
-0.727638	0.529457	0.156250	0.024414
-0.747134	0.558209	0.093750	0.008789
-0.735902	0.541551	0.015625	0.000244
-0.746294	0.556955	0.062500	0.003906
-0.743489	0.552776	0.085938	0.007385
-0.731445	0.535012	0.039062	0.001526
-0.733636	0.538222	0.046875	0.002197
-0.739637	0.547063	0.015625	0.000244
-0.745478	0.555737	0.031250	0.000977
-0.736302	0.542141	0.015625	0.000244
-0.753017	0.567034	0.070312	0.004944
-0.754170	0.568772	0.054688	0.002991
-0.738665	0.545625	0.007812	0.000061
-0.736856	0.542957	0.039062	0.001526
-0.739934	0.547502	0.046875	0.002197
-0.739999	0.547598	0.070312	0.004944
-0.741439	0.549731	0.023438	0.000549
-0.756524	0.572329	0.117188	0.013733
-0.737473	0.543866	0.000000	0.000000
-0.743545	0.552859	0.031250	0.000977
-0.737994	0.544635	0.085938	0.007385
-0.736451	0.542361	0.054688	0.002991
-0.742112	0.550730	0.117188	0.013733
-0.727050	0.528601	0.000000	0.000000
-0.749938	0.562407	0.023438	0.000549
-0.745071	0.555131	0.085938	0.007385
-0.734213	0.539068	0.085938	0.007385
-0.723891	0.524018	0.140625	0.019775
-0.739971	0.547557	0.015625	0.000244
-0.761553	0.579964	0.054688	0.002991
-0.745463	0.555715	0.046875	0.002197
-0.735232	0.540566	0.007812	0.000061
-0.748447	0.560173	0.164062	0.026917
-0.727262	0.528910	0.039062	0.001526
-0.745819	0.556245	0.031250	0.000977
-0.731409	0.534960	0.054688	0.002991
-0.753194	0.567301	0.007812	0.000061
-0.774447	0.599769	0.031250	0.000977
-0.739129	0.546311	0.070312	0.004944
-0.749972	0.562459	0.109375	0.011963
-0.732310	0.536277	0.046875	0.002197
-0.744986	0.555004	0.015625	0.000244
-0.747558	0.558843	0.140625	0.019775
-0.744495	0.554273	0.078125	0.006104
-0.742956	0.551984	0.039062	0.001526
-0.747120	0.558188	0.039062	0.001526
-0.729320	0.531908	0.062500	0.003906
-0.734424	0.539378	0.070312	0.004944
-0.747401	0.558609	0.023438	0.000549
-0.755965	0.571482	0.046875	0.002197
-0.745079	0.555143	0.031250	0.000977
-0.759848	0.577369	0.039062	0.001526
-0.737079	0.543286	0.023438	0.000549
-0.732941	0.537203	0.039062	0.001526
-0.730842	0.534131	0.039062	0.001526
-0.731434	0.534996	0.007812	0.000061
-0.747412	0.558625	0.007812	0.000061
-0.745976	0.556480	0.007812	0.000061
-0.759557	0.576927	0.117188	0.013733
-0.730745	0.533989	0.046875	0.002197
-0.739209	0.546430	0.031250	0.000977
-0.739606	0.547016	0.023438	0.000549
-0.747873	0.559314	0.007812	0.000061
-0.723838	0.523941	0.062500	0.003906
-0.743569	0.552895	0.078125	0.006104
-0.744560	0.554369	0.007812	0.000061
-0.734022	0.538788	0.046875	0.002197
-0.740042	0.547662	0.023438	0.000549
-0.736260	0.542079	0.062500	0.003906
-0.750471	0.563206	0.023438	0.000549
-0.746597	0.557407	0.054688	0.002991
-0.756239	0.571898	0.148438	0.022034
-0.739801	0.547306	0.054688	0.002991
-0.725348	0.526129	0.015625	0.000244
-0.726213	0.527386	0.093750	0.008789
-0.730041	0.532960	0.078125	0.006104
-0.739705	0.547163	0.007812	0.000061
-0.735204	0.540525	0.007812	0.000061
-0.733184	0.537558	0.085938	0.007385
-0.744285	0.553960	0.023438	0.000549
-0.747044	0.558075	0.109375	0.011963
-0.753473	0.567722	0.046875	0.002197
-0.744920	0.554906	0.078125	0.006104
-0.738149	0.544865	0.000000	0.000000
-0.747003	0.558013	0.039062	0.001526
-0.747339	0.558516	0.039062	0.001526
-0.723304	0.523169	0.015625	0.000244
-0.740670	0.548593	0.031250	0.000977
-0.748594	0.560393	0.039062	0.001526
-0.746980	0.557980	0.023438	0.000549
-0.742123	0.550747	0.062500	0.003906
-0.731839	0.535588	0.023438	0.000549
-0.731487	0.535073	0.000000	0.000000
-0.747055	0.558092	0.070312	0.004944
-0.739734	0.547207	0.039062	0.001526
-0.739157	0.546353	0.015625	0.000244
-0.725938	0.526985	0.109375	0.011963
-0.737034	0.543219	0.039062	0.001526
-0.738329	0.545129	0.046875	0.002197
-0.761077	0.579238	0.015625	0.000244
-0.743078	0.552165	0.046875	0.002197
-0.732016	0.535847	0.054688	0.002991
-0.752885	0.566835	0.046875	0.002197
-0.744492	0.554269	0.023438	0.000549
-0.748690	0.560536	0.054688	0.002991
-0.729779	0.532578	0.007812	0.000061
-0.745683	0.556043	0.039062	0.001526
-0.749353	0.561530	0.015625	0.000244
-0.730660	0.533864	0.046875	0.002197
-0.743967	0.553488	0.046875	0.002197
-0.739764	0.547251	0.015625	0.000244
-0.737974	0.544605	0.117188	0.013733
-0.755108	0.570187	0.015625	0.000244
