# Energy	Energy^2	Magnetic	Magnet^2
-0.690022	0.476131	0.125000	0.015625
-0.756566	0.572392	0.156250	0.024414
-0.733441	0.537936	0.093750	0.008789
-0.749506	0.561760	0.125000	0.015625
-0.706733	0.499472	0.125000	0.015625
-0.692190	0.479127	0.031250	0.000977
-0.720069	0.518500	0.000000	0.000000
-0.698048	0.487271	0.000000	0.000000
-0.717758	0.515177	0.031250	0.000977
-0.690283	0.476490	0.156250	0.024414
-0.698638	0.488095	0.093750	0.008789
-0.696844	0.485591	0.093750	0.008789
-0.739048	0.546192	0.093750	0.008789
-0.709413	0.503266	0.031250	0.000977
-0.690617	0.476952	0.031250	0.000977
-0.722879	0.522554	0.000000	0.000000
-0.728195	0.530268	0.031250	0.000977
-0.754597	0.569416	0.062500	0.003906
-0.748412	0.560120	0.062500	0.003906
-0.734797	0.539926	0.187500	0.035156
-0.772541	0.596820	0.093750	0.008789
-0.676738	0.457974	0.031250	0.000977
-0.684773	0.468914	0.125000	0.015625
-0.741155	0.549310	0.250000	0.062500
-0.736871	0.542979	0.000000	0.000000
-0.713787	0.509492	0.187500	0.035156
-0.739424	0.546749	0.062500	0.003906
-0.709189	0.502949	0.187500	0.035156
-0.735863	0.541495	0.062500	0.003906
-0.705235	0.497357	0.156250	0.024414
-0.674323	0.454711	0.031250	0.000977
-0.707026	0.499886	0.000000	0.000000
-0.729562	0.532261	0.312500	0.097656
-0.670662	0.449788	0.125000	0.015625
-0.719670	0.517924	0.000000	0.000000
-0.759363	0.576632	0.156250	0.024414
-0.719753	0.518045	0.218750	0.047852
-0.717562	0.514895	0.093750	0.008789
-0.700567	0.490794	0.093750	0.008789
-0.681245	0.464094	0.000000	0.000000
-0.705772	0.498113	0.031250	0.000977
-0.702216	0.493107	0.062500	0.003906
-0.750648	0.563472	0.093750	0.008789
-0.715133	0.511415	0.000000	0.000000
-0.739550	0.546934	0.062500	0.003906
-0.700899	0.491260	0.312500	0.097656
-0.693316	0.480687	0.000000	0.000000
-0.693778	0.481328	0.125000	0.015625
-0.726063	0.527168	0.031250	0.000977
-0.697969	0.487161	0.125000	0.015625
-0.733865	0.538558	0.156250	0.024414
-0.704515	0.496342	0.031250	0.000977
-0.705437	0.497641	0.031250	0.000977
-0.706999	0.499848	0.125000	0.015625
-0.737410	0.543774	0.093750	0.008789
-0.734199	0.539049	0.031250	0.000977
-0.712431	0.507558	0.031250	0.000977
-0.715719	0.512253	0.187500	0.035156
-0.759177	0.576350	0.062500	0.003906
-0.686573	0.471382	0.031250	0.000977
-0.733151	0.537511	0.218750	0.047852
-0.730762	0.534013	0.093750	0.008789
-0.670651	0.449773	0.187500	0.035156
-0.711838	0.506713	0.156250	0.024414
-0.727436	0.529163	0.031250	0.000977
-0.688619	0.474196	0.000000	0.000000
-0.752648	0.566479	0.093750	0.008789
-0.701392	0.491951	0.062500	0.003906
-0.717825	0.515273	0.093750	0.008789
-0.686974	0.471933	0.125000	0.015625
-0.693476	0.480909	0.218750	0.047852
-0.718655	0.516464	0.031250	0.000977
-0.747717	0.559081	0.093750	0.008789
-0.677357	0.458812	0.156250	0.024414
-0.748345	0.560020	0.062500	0.003906
-0.671563	0.450997	0.187500	0.035156
-0.720894	0.519689	0.000000	0.000000
-0.755104	0.570181	0.031250	0.000977
-0.714685	0.510774	0.031250	0.000977
-0.662849	0.439368	0.093750	0.008789
-0.680788	0.463472	0.000000	0.000000
-0.718841	0.516733	0.031250	0.000977
-0.740356	0.548126	0.187500	0.035156
-0.696556	0.485190	0.156250	0.024414
-0.754012	0.568535	0.062500	0.003906
-0.691695	0.478443	0.218750	0.047852
-0.729744	0.532527	0.062500	0.003906
-0.710816	0.505259	0.000000	0.000000
-0.696876	0.485637	0.125000	0.015625
-0.675885	0.456821	0.031250	0.000977
-0.677678	0.459248	0.125000	0.015625
-0.732487	0.536538	0.062500	0.003906
-0.682495	0.465800	0.000000	0.000000
-0.705734	0.498060	0.125000	0.015625
-0.719194	0.517240	0.125000	0.015625
-0.695297	0.483438	0.281250	0.079102
-0.721264	0.520222	0.125000	0.015625
-0.685556	0.469987	0.000000	0.000000
-0.709854	0.503892	0.125000	0.015625
-0.717638	0.515005	0.156250	0.024414
-0.721172	0.520089	0.093750	0.008789
-0.719914	0.518276	0.125000	0.015625
-0.669826	0.448666	0.062500	0.003906
-0.680053	0.462472	0.125000	0.015625
-0.759727	0.577185	0.062500	0.003906
-0.705540	0.497787	0.000000	0.000000
-0.713691	0.509355	0.000000	0.000000
-0.705051	0.497097	0.156250	0.024414
-0.691742	0.478507	0.000000	0.000000
-0.712645	0.507863	0.156250	0.024414
-0.736466	0.542383	0.125000	0.015625
-0.693481	0.480915	0.187500	0.035156
-0.718011	0.515539	0.156250	0.024414
-0.757919	0.574442	0.125000	0.015625
-0.746909	0.557873	0.031250	0.000977
-0.713189	0.508638	0.000000	0.000000
-0.700061	0.490086	0.062500	0.003906
-0.710789	0.505221	0.093750	0.008789
-0.747387	0.558588	0.125000	0.015625
-0.743056	0.552132	0.156250	0.024414
-0.730254	0.533271	0.093750	0.008789
-0.712738	0.507995	0.031250	0.000977
-0.700861	0.491206	0.156250	0.024414
-0.747631	0.558952	0.093750	0.008789
-0.734865	0.540026	0.125000	0.015625
-0.765603	0.586149	0.000000	0.000000
-0.778018	0.605312	0.093750	0.008789
-0.719574	0.517787	0.031250	0.000977
-0.720654	0.519342	0.156250	0.024414
-0.730637	0.533830	0.031250	0.000977
-0.681284	0.464148	0.031250	0.000977
-0.700333	0.490466	0.031250	0.000977
-0.784469	0.615392	0.031250	0.000977
-0.736196	0.541985	0.093750	0.008789
-0.751625	0.564940	0.093750	0.008789
-0.701961	0.492749	0.218750	0.047852
-0.673424	0.453500	0.062500	0.003906
-0.667681	0.445798	0.156250	0.024414
-0.702472	0.493466	0.125000	0.015625
-0.705887	0.498276	0.093750	0.008789
-0.713432	0.508985	0.187500	0.035156
-0.699816	0.489742	0.031250	0.000977
-0.710236	0.504435	0.156250	0.024414
-0.720172	0.518648	0.031250	0.000977
-0.747949	0.559428	0.000000	0.000000
-0.709219	0.502992	0.062500	0.003906
-0.715562	0.512029	0.062500	0.003906
-0.718894	0.516809	0.093750	0.008789
-0.709945	0.504022	0.218750	0.047852
-0.718077	0.515635	0.093750	0.008789
-0.706477	0.499110	0.125000	0.015625
-0.750625	0.563438	0.031250	0.000977
-0.763378	0.582746	0.062500	0.003906
-0.720596	0.519259	0.250000	0.062500
-0.692597	0.479690	0.187500	0.035156
-0.695980	0.484388	0.218750	0.047852
-0.734061	0.538845	0.125000	0.015625
-0.728380	0.530537	0.218750	0.047852
-0.707692	0.500828	0.000000	0.000000
-0.746173	0.556774	0.031250	0.000977
-0.715836	0.512421	0.156250	0.024414
-0.702158	0.493025	0.031250	0.000977
-0.705988	0.498419	0.093750	0.008789
-0.685862	0.470407	0.000000	0.000000
-0.690019	0.476126	0.156250	0.024414
-0.726443	0.527719	0.156250	0.024414
-0.732968	0.537242	0.062500	0.003906
-0.702159	0.493027	0.062500	0.003906
-0.706496	0.499136	0.062500	0.003906
-0.769918	0.592774	0.093750	0.008789
-0.689913	0.475980	0.281250	0.079102
-0.750258	0.562887	0.093750	0.008789
-0.681748	0.464780	0.156250	0.024414
-0.702061	0.492890	0.125000	0.015625
-0.771564	0.595310	0.156250	0.024414
-0.708516	0.501995	0.062500	0.003906
-0.717045	0.514153	0.187500	0.035156
-0.670604	0.449710	0.156250	0.024414
-0.765560	0.586082	0.062500	0.003906
-0.733915	0.538631	0.031250	0.000977
-0.700917	0.491284	0.093750	0.008789
-0.698697	0.488177	0.093750	0.008789
-0.714366	0.510318	0.093750	0.008789
-0.719336	0.517444	0.031250	0.000977
-0.725527	0.526390	0.156250	0.024414
-0.729931	0.532799	0.218750	0.047852
-0.678681	0.460608	0.062500	0.003906
-0.714790	0.510925	0.093750	0.008789
-0.721890	0.521125	0.000000	0.000000
-0.731736	0.535438	0.156250	0.024414
-0.770543	0.593737	0.062500	0.003906
-0.706980	0.499821	0.125000	0.015625
-0.684682	0.468790	0.093750	0.008789
-0.701092	0.491531	0.125000	0.015625
-0.701552	0.492175	0.093750	0.008789
-0.717297	0.514515	0.031250	0.000977
-0.732086	0.535949	0.062500	0.003906
-0.672978	0.452900	0.093750	0.008789
-0.740660	0.548577	0.000000	0.000000
-0.689867	0.475917	0.125000	0.015625
-0.743177	0.552313	0.156250	0.024414
-0.766914	0.588157	0.031250	0.000977
-0.708460	0.501916	0.031250	0.000977
-0.764333	0.584205	0.093750	0.008789
-0.708424	0.501864	0.062500	0.003906
-0.725798	0.526783	0.187500	0.035156
-0.702804	0.493934	0.093750	0.008789
-0.731087	0.534489	0.187500	0.035156
-0.792189	0.627563	0.093750	0.008789
-0.690622	0.476959	0.093750	0.008789
-0.741520	0.549853	0.125000	0.015625
-0.723971	0.524135	0.093750	0.008789
-0.770016	0.592924	0.000000	0.000000
-0.735506	0.540969	0.125000	0.015625
-0.695820	0.484166	0.062500	0.003906
-0.703493	0.494902	0.062500	0.003906
-0.727216	0.528843	0.062500	0.003906
-0.737021	0.543200	0.156250	0.024414
-0.692062	0.478950	0.062500	0.003906
-0.701266	0.491774	0.031250	0.000977
-0.725298	0.526057	0.031250	0.000977
-0.712782	0.508058	0.062500	0.003906
-0.746313	0.556983	0.218750	0.047852
-0.715563	0.512031	0.031250	0.000977
-0.675507	0.456310	0.218750	0.047852
-0.694289	0.482037	0.093750	0.008789
-0.724356	0.524692	0.125000	0.015625
-0.689020	0.474749	0.062500	0.003906
-0.729660	0.532404	0.031250	0.000977
-0.721878	0.521107	0.187500	0.035156
-0.713374	0.508903	0.031250	0.000977
-0.715427	0.511836	0.062500	0.003906
-0.746859	0.557798	0.218750	0.047852
-0.709374	0.503211	0.000000	0.000000
-0.733648	0.538239	0.093750	0.008789
-0.700939	0.491315	0.218750	0.047852
-0.724743	0.525253	0.093750	0.008789
-0.718853	0.516749	0.156250	0.024414
-0.697267	0.486181	0.000000	0.000000
-0.781271	0.610384	0.093750	0.008789
-0.694639	0.482523	0.093750	0.008789
-0.698779	0.488292	0.125000	0.015625
-0.685288	0.469619	0.000000	0.000000
-0.740830	0.548830	0.031250	0.000977
-0.710807	0.505246	0.031250	0.000977
-0.712704	0.507946	0.093750	0.008789
-0.753353	0.567541	0.062500	0.003906
-0.719100	0.517104	0.093750	0.008789
-0.726810	0.528253	0.156250	0.024414
-0.715417	0.511822	0.062500	0.003906
-0.732187	0.536097	0.062500	0.003906
-0.689156	0.474936	0.281250	0.079102
-0.726569	0.527902	0.125000	0.015625
-0.689234	0.475044	0.031250	0.000977
-0.737648	0.544124	0.125000	0.015625
-0.712239	0.507284	0.187500	0.035156
-0.690972	0.477442	0.156250	0.024414
-0.697708	0.486796	0.000000	0.000000
-0.691550	0.478242	0.093750	0.008789
-0.723771	0.523845	0.093750	0.008789
-0.729794	0.532599	0.062500	0.003906
-0.679366	0.461538	0.062500	0.003906
-0.754214	0.568839	0.093750	0.008789
-0.772451	0.596680	0.250000	0.062500
-0.713701	0.509369	0.156250	0.024414
-0.743414	0.552665	0.000000	0.000000
-0.704770	0.496701	0.062500	0.003906
-0.765239	0.585591	0.093750	0.008789
-0.710343	0.504587	0.093750	0.008789
-0.731583	0.535213	0.187500	0.035156
-0.717906	0.515390	0.156250	0.024414
-0.706224	0.498752	0.250000	0.062500
-0.719526	0.517718	0.156250	0.024414
-0.687186	0.472225	0.187500	0.035156
-0.715888	0.512496	0.156250	0.024414
-0.777433	0.604401	0.000000	0.000000
-0.668416	0.446781	0.125000	0.015625
-0.671880	0.451423	0.218750	0.047852
-0.658026	0.432998	0.093750	0.008789
-0.703744	0.495256	0.093750	0.008789
-0.679166	0.461266	0.281250	0.079102
-0.699630	0.489483	0.031250	0.000977
-0.771681	0.595491	0.000000	0.000000
-0.683310	0.466913	0.062500	0.003906
-0.720945	0.519762	0.031250	0.000977
-0.713839	0.509567	0.125000	0.015625
-0.711611	0.506390	0.093750	0.008789
-0.727857	0.529775	0.093750	0.008789
-0.726206	0.527375	0.000000	0.000000
-0.683789	0.467568	0.125000	0.015625
-0.717478	0.514775	0.031250	0.000977
-0.767416	0.588928	0.031250	0.000977
-0.689075	0.474825	0.093750	0.008789
-0.695182	0.483279	0.031250	0.000977
-0.738545	0.545448	0.125000	0.015625
-0.755140	0.570237	0.125000	0.015625
-0.704475	0.496285	0.062500	0.003906
-0.691538	0.478225	0.062500	0.003906
-0.724954	0.525558	0.093750	0.008789
-0.697996	0.487198	0.031250	0.000977
-0.697815	0.486946	0.062500	0.003906
-0.686759	0.471637	0.031250	0.000977
-0.761587	0.580015	0.031250	0.000977
-0.722591	0.522138	0.062500	0.003906
-0.724184	0.524442	0.031250	0.000977
-0.798674	0.637879	0.000000	0.000000
-0.708523	0.502005	0.062500	0.003906
-0.672697	0.452521	0.000000	0.000000
-0.680726	0.463388	0.281250	0.079102
-0.717590	0.514936	0.062500	0.003906
-0.689641	0.475604	0.125000	0.015625
-0.753012	0.567028	0.218750	0.047852
-0.721818	0.521021	0.218750	0.047852
-0.709419	0.503275	0.000000	0.000000
-0.746590	0.557396	0.062500	0.003906
-0.699748	0.489647	0.156250	0.024414
-0.749302	0.561454	0.062500	0.003906
-0.679988	0.462384	0.000000	0.000000
-0.739505	0.546867	0.125000	0.015625
-0.694061	0.481720	0.000000	0.000000
-0.740676	0.548601	0.031250	0.000977
-0.715303	0.511658	0.156250	0.024414
-0.718189	0.515796	0.218750	0.047852
-0.705154	0.497243	0.062500	0.003906
-0.734127	0.538943	0.312500	0.097656
-0.722661	0.522240	0.031250	0.000977
-0.737857	0.544433	0.093750	0.008789
-0.716388	0.513211	0.062500	0.003906
-0.699449	0.489229	0.093750	0.008789
-0.760483	0.578335	0.093750	0.008789
-0.730999	0.534360	0.031250	0.000977
-0.736851	0.542950	0.031250	0.000977
-0.762554	0.581488	0.031250	0.000977
-0.698546	0.487966	0.125000	0.015625
-0.707166	0.500083	0.093750	0.008789
-0.687632	0.472838	0.125000	0.015625
-0.723600	0.523597	0.093750	0.008789
-0.732284	0.536240	0.031250	0.000977
-0.725097	0.525766	0.031250	0.000977
-0.683485	0.467151	0.093750	0.008789
-0.717177	0.514344	0.031250	0.000977
-0.659364	0.434761	0.031250	0.000977
-0.695068	0.483119	0.093750	0.008789
-0.759752	0.577223	0.031250	0.000977
-0.709653	0.503608	0.062500	0.003906
-0.689812	0.475841	0.125000	0.015625
-0.685637	0.470098	0.187500	0.035156
-0.767910	0.589685	0.093750	0.008789
-0.751081	0.564123	0.281250	0.079102
-0.759728	0.577187	0.093750	0.008789
-0.689254	0.475071	0.156250	0.024414
-0.679229	0.461353	0.093750	0.008789
-0.778477	0.606026	0.125000	0.015625
-0.704928	0.496924	0.031250	0.000977
-0.675974	0.456941	0.031250	0.000977
-0.699026	0.488637	0.031250	0.000977
-0.691476	0.478139	0.062500	0.003906
-0.714320	0.510253	0.031250	0.000977
-0.750060	0.562590	0.187500	0.035156
-0.686030	0.470638	0.062500	0.003906
-0.717522	0.514838	0.000000	0.000000
-0.683481	0.467147	0.031250	0.000977
-0.731301	0.534802	0.062500	0.003906
-0.687563	0.472742	0.062500	0.003906
-0.777090	0.603868	0.125000	0.015625
-0.751861	0.565294	0.093750	0.008789
-0.695252	0.483376	0.218750	0.047852
-0.679148	0.461242	0.062500	0.003906
-0.727193	0.528809	0.125000	0.015625
-0.701409	0.491975	0.156250	0.024414
-0.697736	0.486835	0.000000	0.000000
-0.723292	0.523152	0.000000	0.000000
-0.720600	0.519264	0.062500	0.003906
-0.730932	0.534261	0.031250	0.000977
-0.738184	0.544915	0.062500	0.003906
-0.687622	0.472825	0.000000	0.000000
-0.805171	0.648301	0.093750	0.008789
-0.687344	0.472442	0.031250	0.000977
-0.783566	0.613975	0.031250	0.000977
-0.732300	0.536263	0.156250	0.024414
-0.682282	0.465508	0.062500	0.003906
-0.701886	0.492645	0.156250	0.024414
-0.725762	0.526730	0.187500	0.035156
-0.695310	0.483455	0.125000	0.015625
-0.679339	0.461502	0.062500	0.003906
-0.681980	0.465097	0.062500	0.003906
-0.666194	0.443815	0.000000	0.000000
-0.706757	0.499506	0.000000	0.000000
-0.727727	0.529586	0.031250	0.000977
-0.715814	0.512389	0.000000	0.000000
-0.710465	0.504760	0.000000	0.000000
-0.725083	0.525746	0.156250	0.024414
-0.711269	0.505903	0.156250	0.024414
-0.706072	0.498538	0.156250	0.024414
-0.708731	0.502300	0.031250	0.000977
-0.681022	0.463791	0.156250	0.024414
-0.698632	0.488087	0.031250	0.000977
-0.678932	0.460949	0.062500	0.003906
-0.695522	0.483750	0.125000	0.015625
-0.713643	0.509287	0.031250	0.000977
-0.723839	0.523943	0.093750	0.008789
-0.695899	0.484275	0.062500	0.003906
-0.713136	0.508562	0.093750	0.008789
-0.712931	0.508271	0.031250	0.000977
-0.698248	0.487550	0.062500	0.003906
-0.732203	0.536121	0.031250	0.000977
-0.714008	0.509808	0.187500	0.035156
-0.654358	0.428185	0.187500	0.035156
-0.691303	0.477900	0.062500	0.003906
-0.733410	0.537890	0.156250	0.024414
-0.717942	0.515440	0.000000	0.000000
-0.702426	0.493403	0.093750	0.008789
-0.732258	0.536202	0.031250	0.000977
-0.697637	0.486697	0.000000	0.000000
-0.704812	0.496759	0.093750	0.008789
-0.689712	0.475703	0.062500	0.003906
-0.727780	0.529663	0.281250	0.079102
-0.704758	0.496683	0.156250	0.024414
-0.712912	0.508244	0.062500	0.003906
-0.777384	0.604326	0.125000	0.015625
-0.687724	0.472964	0.187500	0.035156
-0.720153	0.518621	0.093750	0.008789
-0.722312	0.521734	0.156250	0.024414
-0.749753	0.562130	0.093750	0.008789
-0.700996	0.491395	0.000000	0.000000
-0.756630	0.572489	0.187500	0.035156
-0.727570	0.529358	0.250000	0.062500
-0.686764	0.471644	0.062500	0.003906
-0.702780	0.493900	0.218750	0.047852
-0.721842	0.521056	0.000000	0.000000
-0.683875	0.467685	0.156250	0.024414
-0.707973	0.501225	0.093750	0.008789
-0.715340	0.511711	0.031250	0.000977
-0.733772	0.538421	0.125000	0.015625
-0.715324	0.511689	0.125000	0.015625
-0.713137	0.508565	0.062500	0.003906
-0.706620	0.499311	0.125000	0.015625
-0.650313	0.422907	0.062500	0.003906
-0.739977	0.547565	0.031250	0.000977
-0.660353	0.436066	0.000000	0.000000
-0.706516	0.499165	0.062500	0.003906
-0.688554	0.474106	0.031250	0.000977
-0.702861	0.494013	0.031250	0.000977
-0.697150	0.486018	0.125000	0.015625
-0.677759	0.459358	0.093750	0.008789
-0.664872	0.442055	0.062500	0.003906
-0.722283	0.521693	0.031250	0.000977
-0.713429	0.508981	0.125000	0.015625
-0.722242	0.521634	0.156250	0.024414
-0.659306	0.434685	0.062500	0.003906
-0.714030	0.509839	0.281250	0.079102
-0.721888	0.521122	0.125000	0.015625
-0.694812	0.482763	0.125000	0.015625
-0.690183	0.476352	0.031250	0.000977
-0.731691	0.535372	0.125000	0.015625
-0.718737	0.516583	0.093750	0.008789
-0.707118	0.500016	0.218750	0.047852
-0.748796	0.560696	0.062500	0.003906
-0.664712	0.441842	0.000000	0.000000
-0.698347	0.487688	0.093750	0.008789
-0.732600	0.536702	0.125000	0.015625
-0.732925	0.537179	0.093750	0.008789
-0.718951	0.516890	0.156250	0.024414
-0.755322	0.570511	0.062500	0.003906
-0.723357	0.523246	0.062500	0.003906
-0.723413	0.523326	0.093750	0.008789
-0.674362	0.454764	0.000000	0.000000
-0.693806	0.481366	0.093750	0.008789
-0.722600	0.522151	0.000000	0.000000
-0.726123	0.527255	0.093750	0.008789
-0.747456	0.558690	0.031250	0.000977
-0.701447	0.492027	0.031250	0.000977
-0.696773	0.485493	0.156250	0.024414
-0.671089	0.450360	0.125000	0.015625
-0.672127	0.451754	0.031250	0.000977
-0.720930	0.519741	0.187500	0.035156
-0.720085	0.518522	0.125000	0.015625
-0.656958	0.431594	0.187500	0.035156
-0.771205	0.594757	0.187500	0.035156
-0.711069	0.505619	0.187500	0.035156
-0.743393	0.552634	0.031250	0.000977
-0.726453	0.527733	0.218750	0.047852
-0.719980	0.518371	0.218750	0.047852
-0.696574	0.485216	0.156250	0.024414
-0.668855	0.447367	0.000000	0.000000
-0.682080	0.465233	0.125000	0.015625
-0.706701	0.499426	0.187500	0.035156
-0.750360	0.563041	0.031250	0.000977
-0.762078	0.580764	0.031250	0.000977
-0.716204	0.512948	0.250000	0.062500
-0.696568	0.485207	0.125000	0.015625
-0.724114	0.524342	0.000000	0.000000
-0.753567	0.567863	0.125000	0.015625
-0.720407	0.518986	0.093750	0.008789
-0.703411	0.494787	0.031250	0.000977
-0.741632	0.550018	0.000000	0.000000
-0.664007	0.440905	0.000000	0.000000
-0.765372	0.585795	0.125000	0.015625
-0.667361	0.445371	0.031250	0.000977
-0.749737	0.562105	0.000000	0.000000
-0.775298	0.601087	0.062500	0.003906
-0.711226	0.505842	0.187500	0.035156
-0.696419	0.484999	0.031250	0.000977
-0.772397	0.596597	0.031250	0.000977
-0.714876	0.511048	0.093750	0.008789
-0.721277	0.520240	0.031250	0.000977
-0.710534	0.504858	0.250000	0.062500
-0.722918	0.522610	0.031250	0.000977
-0.792402	0.627901	0.125000	0.015625
-0.709324	0.503140	0.062500	0.003906
-0.708485	0.501952	0.031250	0.000977
-0.708018	0.501289	0.093750	0.008789
-0.708379	0.501801	0.093750	0.008789
-0.709571	0.503491	0.031250	0.000977
-0.769912	0.592765	0.125000	0.015625
-0.664149	0.441094	0.031250	0.000977
-0.655662	0.429893	0.125000	0.015625
-0.691370	0.477992	0.187500	0.035156
-0.708486	0.501952	0.093750	0.008789
-0.705914	0.498315	0.031250	0.000977
-0.703002	0.494211	0.187500	0.035156
-0.695071	0.483124	0.000000	0.000000
-0.730780	0.534040	0.156250	0.024414
-0.686334	0.471055	0.000000	0.000000
-0.748789	0.560685	0.062500	0.003906
-0.779954	0.608329	0.281250	0.079102
-0.708656	0.502194	0.187500	0.035156
-0.713776	0.509477	0.125000	0.015625
-0.714550	0.510582	0.218750	0.047852
-0.697687	0.486767	0.000000	0.000000
-0.729528	0.532211	0.062500	0.003906
-0.696348	0.484900	0.031250	0.000977
-0.703305	0.494638	0.093750	0.008789
-0.685137	0.469413	0.125000	0.015625
-0.750165	0.562747	0.062500	0.003906
-0.677441	0.458927	0.093750	0.008789
-0.700204	0.490285	0.343750	0.118164
-0.728672	0.530963	0.156250	0.024414
-0.766013	0.586776	0.093750	0.008789
-0.706399	0.499000	0.000000	0.000000
-0.729998	0.532897	0.031250	0.000977
-0.738607	0.545540	0.031250	0.000977
-0.732117	0.535995	0.125000	0.015625
-0.696702	0.485394	0.062500	0.003906
-0.783936	0.614555	0.093750	0.008789
-0.793783	0.630092	0.125000	0.015625
-0.718650	0.516458	0.187500	0.035156
-0.703950	0.495546	0.156250	0.024414
-0.702300	0.493226	0.031250	0.000977
-0.710042	0.504160	0.218750	0.047852
-0.699583	0.489416	0.093750	0.008789
-0.702041	0.492861	0.218750	0.047852
-0.705405	0.497597	0.062500	0.003906
-0.742859	0.551840	0.093750	0.008789
-0.700454	0.490636	0.000000	0.000000
-0.690385	0.476631	0.093750	0.008789
-0.707721	0.500869	0.031250	0.000977
-0.706030	0.498479	0.156250	0.024414
-0.729957	0.532838	0.000000	0.000000
-0.689431	0.475315	0.031250	0.000977
-0.717437	0.514716	0.125000	0.015625
-0.712203	0.507233	0.156250	0.024414
-0.679553	0.461792	0.062500	0.003906
-0.702130	0.492987	0.093750	0.008789
-0.698007	0.487214	0.093750	0.008789
-0.732372	0.536369	0.000000	0.000000
-0.723309	0.523176	0.000000	0.000000
-0.663354	0.440039	0.093750	0.008789
-0.701697	0.492378	0.156250	0.024414
-0.713209	0.508667	0.125000	0.015625
-0.735183	0.540494	0.093750	0.008789
-0.688770	0.474404	0.093750	0.008789
-0.722668	0.522249	0.125000	0.015625
-0.679160	0.461258	0.062500	0.003906
-0.720087	0.518526	0.156250	0.024414
-0.745559	0.555858	0.093750	0.008789
-0.697843	0.486985	0.062500	0.003906
-0.706271	0.498819	0.093750	0.008789
-0.779449	0.607541	0.062500	0.003906
-0.707967	0.501217	0.093750	0.008789
-0.728234	0.530324	0.125000	0.015625
-0.698888	0.488444	0.125000	0.015625
-0.711326	0.505984	0.125000	0.015625
-0.764303	0.584159	0.062500	0.003906
-0.737271	0.543569	0.093750	0.008789
-0.736265	0.542087	0.250000	0.062500
-0.770087	0.593033	0.062500	0.003906
-0.701496	0.492097	0.031250	0.000977
-0.755846	0.571303	0.250000	0.062500
-0.722502	0.522009	0.125000	0.015625
-0.702627	0.493684	0.062500	0.003906
-0.672934	0.452840	0.062500	0.003906
-0.698360	0.487707	0.062500	0.003906
-0.717426	0.514700	0.125000	0.015625
-0.703398	0.494768	0.062500	0.003906
-0.726868	0.528337	0.156250	0.024414
-0.692048	0.478930	0.062500	0.003906
-0.674885	0.455470	0.187500	0.035156
-0.686542	0.471339	0.093750	0.008789
-0.704779	0.496714	0.281250	0.079102
-0.691634	0.478357	0.062500	0.003906
-0.684864	0.469039	0.125000	0.015625
-0.729072	0.531547	0.156250	0.024414
-0.709417	0.503273	0.000000	0.000000
-0.712890	0.508213	0.000000	0.000000
-0.726460	0.527744	0.156250	0.024414
-0.723747	0.523810	0.312500	0.097656
-0.741325	0.549563	0.156250	0.024414
-0.764061	0.583789	0.062500	0.003906
-0.723900	0.524031	0.062500	0.003906
-0.761367	0.579679	0.187500	0.035156
-0.693440	0.480859	0.218750	0.047852
-0.721302	0.520277	0.031250	0.000977
-0.708446	0.501896	0.031250	0.000977
-0.763360	0.582719	0.062500	0.003906
-0.714791	0.510926	0.281250	0.079102
-0.693588	0.481064	0.093750	0.008789
-0.698678	0.488151	0.187500	0.035156
-0.711838	0.506713	0.062500	0.003906
-0.680351	0.462878	0.281250	0.079102
-0.710021	0.504130	0.093750	0.008789
-0.686630	0.471461	0.156250	0.024414
-0.708128	0.501446	0.031250	0.000977
-0.697880	0.487037	0.062500	0.003906
-0.716631	0.513560	0.125000	0.015625
-0.696461	0.485058	0.125000	0.015625
-0.687038	0.472021	0.031250	0.000977
-0.736334	0.542188	0.125000	0.015625
-0.698377	0.487731	0.125000	0.015625
-0.679129	0.461216	0.218750	0.047852
-0.717647	0.515018	0.062500	0.003906
-0.688389	0.473880	0.031250	0.000977
-0.707786	0.500961	0.093750	0.008789
-0.683928	0.467757	0.093750	0.008789
-0.750773	0.563660	0.281250	0.079102
-0.691657	0.478389	0.218750	0.047852
-0.708742	0.502315	0.187500	0.035156
-0.712249	0.507299	0.125000	0.015625
-0.706561	0.499229	0.031250	0.000977
-0.660036	0.435647	0.125000	0.015625
-0.730697	0.533919	0.125000	0.015625
-0.711893	0.506791	0.125000	0.015625
-0.750577	0.563366	0.000000	0.000000
-0.724777	0.525301	0.031250	0.000977
-0.707811	0.500997	0.031250	0.000977
-0.725467	0.526303	0.125000	0.015625
-0.762202	0.580951	0.062500	0.003906
-0.715375	0.511761	0.062500	0.003906
-0.721494	0.520554	0.000000	0.000000
-0.721978	0.521252	0.000000	0.000000
-0.745029	0.555068	0.125000	0.015625
-0.706726	0.499461	0.093750	0.008789
-0.690182	0.476351	0.093750	0.008789
-0.735943	0.541612	0.000000	0.000000
-0.707864	0.501072	0.062500	0.003906
-0.757019	0.573078	0.031250	0.000977
-0.703206	0.494498	0.031250	0.000977
-0.755839	0.571293	0.062500	0.003906
-0.722312	0.521735	0.093750	0.008789
-0.701310	0.491836	0.031250	0.000977
-0.676274	0.457346	0.125000	0.015625
-0.719208	0.517260	0.093750	0.008789
-0.672602	0.452393	0.156250	0.024414
-0.737004	0.543175	0.000000	0.000000
-0.743062	0.552141	0.156250	0.024414
-0.720960	0.519783	0.000000	0.000000
-0.751767	0.565153	0.218750	0.047852
-0.750506	0.563260	0.156250	0.024414
-0.716845	0.513867	0.312500	0.097656
-0.768492	0.590580	0.000000	0.000000
-0.703838	0.495388	0.062500	0.003906
-0.746362	0.557056	0.000000	0.000000
-0.682984	0.466467	0.125000	0.015625
-0.687192	0.472233	0.000000	0.000000
-0.700344	0.490482	0.093750	0.008789
-0.700130	0.490181	0.031250	0.000977
-0.724041	0.524236	0.187500	0.035156
-0.672739	0.452578	0.218750	0.047852
-0.686176	0.470838	0.062500	0.003906
-0.673372	0.453430	0.156250	0.024414
-0.729227	0.531771	0.031250	0.000977
-0.756332	0.572039	0.156250	0.024414
-0.745123	0.555208	0.062500	0.003906
-0.685772	0.470284	0.093750	0.008789
-0.721807	0.521005	0.031250	0.000977
-0.714354	0.510302	0.125000	0.015625
-0.694512	0.482348	0.062500	0.003906
-0.734560	0.539578	0.062500	0.003906
-0.777723	0.604853	0.156250	0.024414
-0.739564	0.546956	0.250000	0.062500
-0.695226	0.483340	0.031250	0.000977
-0.761881	0.580463	0.125000	0.015625
-0.739408	0.546724	0.000000	0.000000
-0.731547	0.535161	0.156250	0.024414
-0.722590	0.522136	0.125000	0.015625
-0.726259	0.527453	0.062500	0.003906
-0.728781	0.531121	0.156250	0.024414
-0.723590	0.523583	0.031250	0.000977
-0.712115	0.507108	0.156250	0.024414
-0.724970	0.525581	0.000000	0.000000
-0.672642	0.452447	0.062500	0.003906
-0.690075	0.476204	0.343750	0.118164
-0.738382	0.545208	0.000000	0.000000
-0.747062	0.558102	0.125000	0.015625
-0.740559	0.548428	0.093750	0.008789
-0.696983	0.485786	0.187500	0.035156
-0.723930	0.524075	0.031250	0.000977
-0.687487	0.472638	0.031250	0.000977
-0.735925	0.541586	0.031250	0.000977
-0.748017	0.559529	0.031250	0.000977
-0.690444	0.476713	0.093750	0.008789
-0.697966	0.487157	0.093750	0.008789
-0.722100	0.521428	0.125000	0.015625
-0.698180	0.487455	0.031250	0.000977
-0.677967	0.459639	0.156250	0.024414
-0.719304	0.517398	0.000000	0.000000
-0.741512	0.549840	0.031250	0.000977
-0.688823	0.474477	0.093750	0.008789
-0.715241	0.511570	0.093750	0.008789
-0.742539	0.551364	0.062500	0.003906
-0.722097	0.521424	0.031250	0.000977
-0.693214	0.480546	0.062500	0.003906
-0.771706	0.595530	0.000000	0.000000
-0.717445	0.514727	0.062500	0.003906
-0.687503	0.472661	0.031250	0.000977
-0.725136	0.525822	0.125000	0.015625
-0.773203	0.597843	0.187500	0.035156
-0.735565	0.541056	0.187500	0.035156
-0.722161	0.521517	0.000000	0.000000
-0.698221	0.487513	0.062500	0.003906
-0.711094	0.505655	0.031250	0.000977
-0.711650	0.506446	0.218750	0.047852
-0.712552	0.507731	0.250000	0.062500
-0.709000	0.502682	0.093750	0.008789
-0.736167	0.541942	0.093750	0.008789
-0.719625	0.517860	0.093750	0.008789
-0.715583	0.512059	0.062500	0.003906
-0.686423	0.471177	0.218750	0.047852
-0.685022	0.469255	0.031250	0.000977
-0.760119	0.577780	0.218750	0.047852
-0.763257	0.582562	0.062500	0.003906
-0.767557	0.589144	0.062500	0.003906
-0.688011	0.473359	0.187500	0.035156
-0.735733	0.541304	0.093750	0.008789
-0.692486	0.479537	0.031250	0.000977
-0.653466	0.427018	0.093750	0.008789
-0.727721	0.529578	0.062500	0.003906
-0.696230	0.484736	0.125000	0.015625
-0.691248	0.477824	0.031250	0.000977
-0.715631	0.512127	0.156250	0.024414
-0.722868	0.522538	0.093750	0.008789
-0.727924	0.529874	0.093750	0.008789
-0.724309	0.524623	0.062500	0.003906
-0.752615	0.566429	0.156250	0.024414
-0.723607	0.523607	0.031250	0.000977
-0.759129	0.576277	0.062500	0.003906
-0.720690	0.519393	0.250000	0.062500
-0.708058	0.501346	0.187500	0.035156
-0.672197	0.451849	0.000000	0.000000
-0.728412	0.530584	0.031250	0.000977
-0.702578	0.493616	0.250000	0.062500
-0.706759	0.499509	0.125000	0.015625
-0.711978	0.506913	0.093750	0.008789
-0.653093	0.426531	0.093750	0.008789
-0.717481	0.514779	0.156250	0.024414
-0.716327	0.513125	0.093750	0.008789
-0.721320	0.520302	0.031250	0.000977
-0.699035	0.488651	0.187500	0.035156
-0.775514	0.601423	0.062500	0.003906
-0.697637	0.486697	0.125000	0.015625
-0.698867	0.488415	0.093750	0.008789
-0.688550	0.474100	0.125000	0.015625
-0.747701	0.559056	0.312500	0.097656
-0.782359	0.612086	0.031250	0.000977
-0.719492	0.517668	0.187500	0.035156
-0.676561	0.457735	0.062500	0.003906
-0.728866	0.531245	0.000000	0.000000
-0.687069	0.472064	0.000000	0.000000
-0.705963	0.498384	0.187500	0.035156
-0.712842	0.508144	0.062500	0.003906
-0.684551	0.468610	0.062500	0.003906
-0.729218	0.531759	0.093750	0.008789
-0.709461	0.503335	0.218750	0.047852
-0.721444	0.520481	0.125000	0.015625
-0.740084	0.547724	0.093750	0.008789
-0.715231	0.511555	0.062500	0.003906
-0.755134	0.570228	0.343750	0.118164
-0.690843	0.477265	0.062500	0.003906
-0.720355	0.518912	0.093750	0.008789
-0.718416	0.516122	0.031250	0.000977
-0.689746	0.475749	0.187500	0.035156
-0.653634	0.427237	0.062500	0.003906
-0.698009	0.487216	0.093750	0.008789
-0.737880	0.544467	0.031250	0.000977
-0.743658	0.553028	0.093750	0.008789
-0.746499	0.557261	0.125000	0.015625
-0.698052	0.487277	0.093750	0.008789
-0.728591	0.530845	0.093750	0.008789
-0.726037	0.527130	0.031250	0.000977
-0.702784	0.493906	0.062500	0.003906
-0.664118	0.441053	0.093750	0.008789
-0.761720	0.580218	0.031250	0.000977
-0.749867	0.562301	0.093750	0.008789
-0.723287	0.523145	0.156250	0.024414
-0.725060	0.525712	0.093750	0.008789
-0.732631	0.536748	0.156250	0.024414
-0.712475	0.507621	0.000000	0.000000
-0.710331	0.504570	0.062500	0.003906
-0.756110	0.571703	0.000000	0.000000
-0.720641	0.519324	0.156250	0.024414
-0.713915	0.509675	0.062500	0.003906
-0.742830	0.551796	0.093750	0.008789
-0.727254	0.528898	0.093750	0.008789
-0.701613	0.492261	0.062500	0.003906
-0.694126	0.481810	0.156250	0.024414
-0.692040	0.478919	0.062500	0.003906
-0.719333	0.517440	0.062500	0.003906
-0.705435	0.497638	0.156250	0.024414
-0.703243	0.494551	0.031250	0.000977
-0.708704	0.502262	0.125000	0.015625
-0.690960	0.477426	0.031250	0.000977
-0.715339	0.511710	0.000000	0.000000
-0.722363	0.521808	0.125000	0.015625
-0.686033	0.470641	0.031250	0.000977
-0.701331	0.491866	0.125000	0.015625
-0.738799	0.545824	0.187500	0.035156
-0.680178	0.462642	0.031250	0.000977
-0.694827	0.482784	0.031250	0.000977
-0.683993	0.467846	0.156250	0.024414
-0.717342	0.514579	0.156250	0.024414
-0.732285	0.536241	0.125000	0.015625
-0.726251	0.527441	0.000000	0.000000
-0.757453	0.573735	0.062500	0.003906
-0.691623	0.478342	0.156250	0.024414
-0.747239	0.558366	0.125000	0.015625
-0.728932	0.531342	0.031250	0.000977
-0.725506	0.526359	0.187500	0.035156
-0.746031	0.556563	0.000000	0.000000
-0.662427	0.438810	0.031250	0.000977
-0.717268	0.514473	0.062500	0.003906
-0.715553	0.512016	0.000000	0.000000
-0.745972	0.556475	0.218750	0.047852
-0.713910	0.509667	0.062500	0.003906
-0.765369	0.585790	0.125000	0.015625
-0.701890	0.492650	0.218750	0.047852
-0.738216	0.544963	0.031250	0.000977
-0.725837	0.526839	0.250000	0.062500
-0.713209	0.508666	0.187500	0.035156
-0.740858	0.548870	0.000000	0.000000
-0.707811	0.500997	0.125000	0.015625
-0.671314	0.450663	0.093750	0.008789
-0.718868	0.516772	0.093750	0.008789
-0.741023	0.549115	0.031250	0.000977
-0.705597	0.497867	0.000000	0.000000
-0.697835	0.486973	0.093750	0.008789
-0.692576	0.479661	0.000000	0.000000
-0.686247	0.470935	0.093750	0.008789
-0.730973	0.534321	0.093750	0.008789
-0.719268	0.517346	0.000000	0.000000
-0.692120	0.479030	0.218750	0.047852
-0.678458	0.460305	0.375000	0.140625
-0.712570	0.507756	0.093750	0.008789
-0.726071	0.527178	0.156250	0.024414
-0.736900	0.543022	0.031250	0.000977
-0.737663	0.544147	0.031250	0.000977
-0.736854	0.542954	0.093750	0.008789
-0.654764	0.428716	0.000000	0.000000
-0.692906	0.480119	0.031250	0.000977
-0.687029	0.472008	0.156250	0.024414
-0.742689	0.551587	0.062500	0.003906
-0.723979	0.524145	0.000000	0.000000
-0.717931	0.515425	0.156250	0.024414
-0.744188	0.553816	0.031250	0.000977
-0.741956	0.550499	0.093750	0.008789
-0.728042	0.530045	0.000000	0.000000
-0.734167	0.539001	0.125000	0.015625
-0.722303	0.521721	0.093750	0.008789
-0.781053	0.610044	0.156250	0.024414
-0.692790	0.479958	0.062500	0.003906
-0.709497	0.503385	0.125000	0.015625
-0.709298	0.503104	0.031250	0.000977
-0.677068	0.458421	0.062500	0.003906
-0.711617	0.506399	0.093750	0.008789
-0.722459	0.521946	0.062500	0.003906
-0.707051	0.499921	0.093750	0.008789
-0.683284	0.466877	0.250000	0.062500
-0.696419	0.485000	0.125000	0.015625
-0.717262	0.514465	0.031250	0.000977
-0.679263	0.461398	0.406250	0.165039
-0.724812	0.525352	0.062500	0.003906
-0.762895	0.582009	0.062500	0.003906
-0.704298	0.496036	0.031250	0.000977
-0.731141	0.534568	0.093750	0.008789
-0.731436	0.534999	0.125000	0.015625
-0.699546	0.489365	0.062500	0.003906
-0.725260	0.526001	0.187500	0.035156
-0.769891	0.592732	0.093750	0.008789
-0.718606	0.516394	0.093750	0.008789
-0.735724	0.541290	0.000000	0.000000
-0.671984	0.451563	0.187500	0.035156
-0.711406	0.506099	0.187500	0.035156
-0.696386	0.484953	0.187500	0.035156
-0.703337	0.494683	0.093750	0.008789
-0.724773	0.525296	0.031250	0.000977
-0.706455	0.499079	0.031250	0.000977
-0.731139	0.534565	0.031250	0.000977
-0.696222	0.484726	0.187500	0.035156
-0.680454	0.463018	0.218750	0.047852
-0.721794	0.520987	0.031250	0.000977
-0.714605	0.510661	0.125000	0.015625
-0.688901	0.474585	0.000000	0.000000
-0.736210	0.542005	0.093750	0.008789
-0.741532	0.549870	0.218750	0.047852
-0.744446	0.554199	0.093750	0.008789
-0.697320	0.486255	0.093750	0.008789
-0.710262	0.504472	0.062500	0.003906
-0.705506	0.497738	0.125000	0.015625
-0.686508	0.471293	0.093750	0.008789
-0.695910	0.484291	0.093750	0.008789
-0.713983	0.509772	0.218750	0.047852
-0.755336	0.570533	0.187500	0.035156
-0.717697	0.515089	0.000000	0.000000
-0.725847	0.526855	0.312500	0.097656
-0.741892	0.550404	0.031250	0.000977
-0.765406	0.585847	0.031250	0.000977
-0.696763	0.485479	0.125000	0.015625
-0.732333	0.536312	0.125000	0.015625
-0.719100	0.517104	0.093750	0.008789
-0.700330	0.490462	0.125000	0.015625
-0.712249	0.507299	0.031250	0.000977
-0.774438	0.599754	0.093750	0.008789
-0.684128	0.468031	0.125000	0.015625
-0.747229	0.558351	0.031250	0.000977
-0.721952	0.521215	0.187500	0.035156
-0.705054	0.497101	0.093750	0.008789
-0.757991	0.574550	0.281250	0.079102
-0.695001	0.483027	0.031250	0.000977
-0.779236	0.607209	0.000000	0.000000
-0.792407	0.627909	0.125000	0.015625
-0.679352	0.461519	0.062500	0.003906
-0.702371	0.493325	0.031250	0.000977
-0.702425	0.493400	0.031250	0.000977
-0.725154	0.525848	0.031250	0.000977
-0.678203	0.459959	0.031250	0.000977
-0.698742	0.488240	0.093750	0.008789
-0.716924	0.513980	0.062500	0.003906
-0.667573	0.445654	0.250000	0.062500
-0.698853	0.488395	0.093750	0.008789
-0.786234	0.618165	0.000000	0.000000
-0.653565	0.427147	0.000000	0.000000
-0.718584	0.516364	0.187500	0.035156
-0.753445	0.567680	0.000000	0.000000
-0.721920	0.521168	0.062500	0.003906
-0.700798	0.491118	0.156250	0.024414
-0.710543	0.504872	0.093750	0.008789
-0.759821	0.577328	0.062500	0.003906
-0.721312	0.520291	0.093750	0.008789
-0.730610	0.533791	0.125000	0.015625
-0.677281	0.458710	0.031250	0.000977
-0.741523	0.549857	0.031250	0.000977
-0.695596	0.483853	0.156250	0.024414
-0.712355	0.507450	0.093750	0.008789
-0.687479	0.472627	0.000000	0.000000
-0.710436	0.504719	0.000000	0.000000
-0.703901	0.495477	0.062500	0.003906
-0.675291	0.456018	0.031250	0.000977
-0.699959	0.489942	0.031250	0.000977
-0.708259	0.501631	0.156250	0.024414
-0.721840	0.521054	0.000000	0.000000
-0.725039	0.525681	0.093750	0.008789
-0.764654	0.584695	0.062500	0.003906
-0.717151	0.514306	0.062500	0.003906
-0.682942	0.466410	0.093750	0.008789
-0.652125	0.425266	0.156250	0.024414
-0.679249	0.461379	0.218750	0.047852
-0.743005	0.552056	0.093750	0.008789
-0.721562	0.520652	0.156250	0.024414
-0.736789	0.542857	0.093750	0.008789
-0.728898	0.531293	0.031250	0.000977
-0.750877	0.563816	0.000000	0.000000
-0.694560	0.482413	0.125000	0.015625
-0.742149	0.550785	0.000000	0.000000
-0.782558	0.612397	0.062500	0.003906
-0.677997	0.459680	0.062500	0.003906
-0.691940	0.478781	0.156250	0.024414
-0.671989	0.451570	0.218750	0.047852
-0.722001	0.521285	0.125000	0.015625
-0.728291	0.530408	0.062500	0.003906
-0.692249	0.479208	0.031250	0.000977
-0.739934	0.547502	0.062500	0.003906
-0.745032	0.555073	0.031250	0.000977
-0.715819	0.512397	0.062500	0.003906
-0.727548	0.529326	0.156250	0.024414
-0.707121	0.500020	0.000000	0.000000
-0.733197	0.537577	0.125000	0.015625
-0.751298	0.564448	0.187500	0.035156
-0.743345	0.552562	0.062500	0.003906
-0.715043	0.511287	0.031250	0.000977
-0.695436	0.483631	0.031250	0.000977
-0.732586	0.536682	0.125000	0.015625
