# Energy	Energy^2	Magnetic	Magnet^2
-0.756197	0.571834	0.034180	0.001168
-0.750442	0.563163	0.027344	0.000748
-0.752856	0.566793	0.037109	0.001377
-0.755607	0.570942	0.008789	0.000077
-0.753413	0.567631	0.029297	0.000858
-0.752952	0.566937	0.027344	0.000748
-0.756489	0.572275	0.022461	0.000504
-0.756075	0.571649	0.008789	0.000077
-0.755938	0.571443	0.002930	0.000009
-0.755860	0.571325	0.028320	0.000802
-0.756372	0.572098	0.005859	0.000034
-0.759291	0.576522	0.006836	0.000047
-0.755537	0.570836	0.025391	0.000645
-0.759391	0.576675	0.017578	0.000309
-0.754120	0.568697	0.009766	0.000095
-0.756316	0.572014	0.017578	0.000309
-0.751602	0.564905	0.055664	0.003098
-0.756807	0.572757	0.001953	0.000004
-0.754966	0.569973	0.012695	0.000161
-0.755952	0.571464	0.000977	0.000001
-0.751562	0.564845	0.020508	0.000421
-0.754315	0.568991	0.022461	0.000504
-0.756547	0.572363	0.014648	0.000215
-0.749490	0.561735	0.053711	0.002885
-0.751253	0.564381	0.020508	0.000421
-0.756462	0.572235	0.012695	0.000161
-0.756255	0.571921	0.013672	0.000187
-0.750011	0.562517	0.016602	0.000276
-0.751175	0.564263	0.021484	0.000462
-0.758460	0.575262	0.015625	0.000244
-0.754309	0.568982	0.013672	0.000187
-0.751211	0.564318	0.030273	0.000916
-0.754223	0.568853	0.008789	0.000077
-0.754324	0.569005	0.013672	0.000187
-0.756531	0.572339	0.029297	0.000858
-0.752364	0.566052	0.000977	0.000001
-0.746977	0.557974	0.041016	0.001682
-0.760545	0.578429	0.017578	0.000309
-0.754679	0.569541	0.003906	0.000015
-0.754570	0.569375	0.011719	0.000137
-0.752694	0.566548	0.000977	0.000001
-0.755328	0.570520	0.000977	0.000001
-0.752383	0.566079	0.008789	0.000077
-0.755854	0.571315	0.006836	0.000047
-0.754666	0.569520	0.024414	0.000596
-0.755306	0.570487	0.028320	0.000802
-0.755125	0.570214	0.019531	0.000381
-0.754161	0.568759	0.002930	0.000009
-0.754390	0.569104	0.041016	0.001682
-0.755847	0.571304	0.015625	0.000244
-0.754162	0.568761	0.017578	0.000309
-0.750424	0.563137	0.001953	0.000004
-0.753559	0.567851	0.004883	0.000024
-0.749598	0.561897	0.009766	0.000095
-0.756779	0.572714	0.006836	0.000047
-0.750803	0.563705	0.023438	0.000549
-0.755082	0.570149	0.001953	0.000004
-0.753485	0.567740	0.027344	0.000748
-0.756889	0.572882	0.003906	0.000015
-0.752989	0.566992	0.013672	0.000187
-0.754308	0.568981	0.010742	0.000115
-0.752387	0.566087	0.012695	0.000161
-0.755472	0.570738	0.033203	0.001102
-0.753235	0.567362	0.013672	0.000187
-0.756248	0.571911	0.001953	0.000004
-0.752154	0.565735	0.041992	0.001763
-0.746667	0.557512	0.007812	0.000061
-0.756650	0.572520	0.015625	0.000244
-0.753407	0.567622	0.011719	0.000137
-0.752529	0.566300	0.002930	0.000009
-0.750027	0.562541	0.032227	0.001039
-0.754998	0.570021	0.025391	0.000645
-0.754207	0.568828	0.029297	0.000858
-0.752563	0.566351	0.033203	0.001102
-0.748670	0.560507	0.009766	0.000095
-0.754243	0.568882	0.009766	0.000095
-0.749619	0.561929	0.019531	0.000381
-0.754813	0.569743	0.019531	0.000381
-0.753263	0.567405	0.011719	0.000137
-0.749816	0.562224	0.013672	0.000187
-0.750582	0.563374	0.015625	0.000244
-0.752590	0.566392	0.022461	0.000504
-0.753676	0.568028	0.015625	0.000244
-0.755526	0.570819	0.007812	0.000061
-0.755319	0.570507	0.003906	0.000015
-0.755435	0.570683	0.001953	0.000004
-0.753464	0.567709	0.023438	0.000549
-0.754051	0.568593	0.017578	0.000309
-0.756639	0.572502	0.021484	0.000462
-0.758375	0.575132	0.007812	0.000061
-0.756234	0.571889	0.007812	0.000061
-0.755593	0.570921	0.037109	0.001377
-0.749109	0.561164	0.014648	0.000215
-0.751233	0.564351	0.040039	0.001603
-0.755452	0.570708	0.007812	0.000061
-0.752441	0.566168	0.017578	0.000309
-0.756511	0.572309	0.026367	0.000695
-0.751090	0.564137	0.012695	0.000161
-0.751431	0.564648	0.024414	0.000596
-0.750971	0.563957	0.006836	0.000047
-0.756314	0.572011	0.007812	0.000061
-0.756909	0.572911	0.006836	0.000047
-0.752919	0.566888	0.030273	0.000916
-0.756875	0.572860	0.005859	0.000034
-0.751274	0.564412	0.019531	0.000381
-0.755437	0.570685	0.012695	0.000161
-0.756304	0.571996	0.022461	0.000504
-0.753485	0.567740	0.007812	0.000061
-0.757694	0.574101	0.022461	0.000504
-0.754433	0.569170	0.013672	0.000187
-0.749537	0.561806	0.026367	0.000695
-0.752808	0.566719	0.025391	0.000645
-0.751170	0.564256	0.015625	0.000244
-0.749517	0.561776	0.003906	0.000015
-0.755260	0.570418	0.028320	0.000802
-0.758293	0.575009	0.011719	0.000137
-0.755009	0.570038	0.017578	0.000309
-0.748900	0.560851	0.024414	0.000596
-0.751258	0.564388	0.023438	0.000549
-0.750712	0.563568	0.007812	0.000061
-0.751493	0.564742	0.020508	0.000421
-0.757249	0.573426	0.021484	0.000462
-0.747904	0.559360	0.034180	0.001168
-0.753013	0.567028	0.015625	0.000244
-0.751103	0.564156	0.002930	0.000009
-0.752755	0.566640	0.018555	0.000344
-0.754766	0.569672	0.010742	0.000115
-0.753556	0.567847	0.000977	0.000001
-0.755780	0.571204	0.004883	0.000024
-0.756928	0.572941	0.002930	0.000009
-0.750733	0.563600	0.018555	0.000344
-0.754100	0.568667	0.001953	0.000004
-0.755743	0.571148	0.022461	0.000504
-0.757302	0.573507	0.036133	0.001306
-0.755746	0.571152	0.015625	0.000244
-0.759947	0.577520	0.000977	0.000001
-0.755346	0.570547	0.021484	0.000462
-0.755384	0.570604	0.034180	0.001168
-0.755925	0.571423	0.025391	0.000645
-0.755398	0.570626	0.003906	0.000015
-0.754123	0.568701	0.029297	0.000858
-0.753054	0.567090	0.004883	0.000024
-0.753774	0.568176	0.011719	0.000137
-0.757621	0.573989	0.035156	0.001236
-0.753561	0.567855	0.013672	0.000187
-0.751231	0.564348	0.003906	0.000015
-0.755330	0.570523	0.021484	0.000462
-0.757232	0.573400	0.019531	0.000381
-0.756970	0.573003	0.009766	0.000095
-0.757717	0.574135	0.015625	0.000244
-0.761464	0.579827	0.004883	0.000024
-0.755540	0.570841	0.042969	0.001846
-0.756077	0.571653	0.020508	0.000421
-0.753051	0.567086	0.005859	0.000034
-0.755688	0.571064	0.016602	0.000276
-0.756902	0.572901	0.028320	0.000802
-0.755974	0.571497	0.041016	0.001682
-0.755334	0.570530	0.031250	0.000977
-0.758588	0.575455	0.027344	0.000748
-0.759465	0.576788	0.032227	0.001039
-0.754568	0.569373	0.000000	0.000000
-0.757332	0.573552	0.021484	0.000462
-0.752454	0.566187	0.009766	0.000095
-0.753399	0.567611	0.010742	0.000115
-0.749288	0.561432	0.026367	0.000695
-0.753573	0.567872	0.017578	0.000309
-0.757898	0.574409	0.022461	0.000504
-0.755691	0.571068	0.001953	0.000004
-0.750080	0.562620	0.007812	0.000061
-0.751334	0.564503	0.024414	0.000596
-0.755793	0.571223	0.001953	0.000004
-0.755710	0.571097	0.042969	0.001846
-0.755777	0.571199	0.014648	0.000215
-0.755145	0.570244	0.024414	0.000596
-0.749077	0.561117	0.006836	0.000047
-0.753986	0.568496	0.039062	0.001526
-0.758079	0.574683	0.036133	0.001306
-0.756230	0.571884	0.035156	0.001236
-0.747440	0.558667	0.040039	0.001603
-0.755714	0.571104	0.000977	0.000001
-0.748655	0.560484	0.046875	0.002197
-0.750635	0.563453	0.023438	0.000549
-0.754064	0.568613	0.041016	0.001682
-0.751308	0.564464	0.016602	0.000276
-0.760075	0.577714	0.033203	0.001102
-0.758584	0.575450	0.000977	0.000001
-0.755148	0.570248	0.017578	0.000309
-0.748630	0.560446	0.003906	0.000015
-0.754579	0.569390	0.027344	0.000748
-0.749578	0.561867	0.014648	0.000215
-0.750776	0.563664	0.005859	0.000034
-0.755265	0.570425	0.014648	0.000215
-0.752810	0.566722	0.030273	0.000916
-0.753182	0.567283	0.015625	0.000244
-0.754037	0.568572	0.003906	0.000015
-0.754205	0.568825	0.005859	0.000034
-0.753811	0.568230	0.005859	0.000034
-0.754762	0.569666	0.008789	0.000077
-0.758515	0.575344	0.038086	0.001451
-0.753175	0.567272	0.011719	0.000137
-0.752282	0.565928	0.004883	0.000024
-0.754490	0.569255	0.017578	0.000309
-0.756489	0.572275	0.000977	0.000001
-0.752796	0.566701	0.004883	0.000024
-0.755475	0.570742	0.001953	0.000004
-0.752007	0.565515	0.002930	0.000009
-0.757274	0.573464	0.018555	0.000344
-0.754257	0.568903	0.027344	0.000748
-0.752306	0.565964	0.035156	0.001236
-0.752358	0.566043	0.036133	0.001306
-0.749183	0.561275	0.024414	0.000596
-0.755123	0.570211	0.016602	0.000276
-0.752102	0.565658	0.034180	0.001168
-0.750515	0.563273	0.007812	0.000061
-0.754728	0.569615	0.004883	0.000024
-0.753438	0.567668	0.002930	0.000009
-0.751740	0.565113	0.009766	0.000095
-0.749408	0.561612	0.001953	0.000004
-0.748992	0.560988	0.048828	0.002384
-0.752438	0.566162	0.046875	0.002197
-0.754827	0.569764	0.010742	0.000115
-0.756598	0.572441	0.013672	0.000187
-0.754837	0.569779	0.008789	0.000077
-0.753614	0.567934	0.033203	0.001102
-0.750816	0.563725	0.007812	0.000061
-0.753008	0.567021	0.013672	0.000187
-0.754269	0.568922	0.000000	0.000000
-0.757002	0.573052	0.029297	0.000858
-0.750178	0.562767	0.007812	0.000061
-0.754775	0.569685	0.001953	0.000004
-0.761284	0.579553	0.008789	0.000077
-0.750037	0.562556	0.007812	0.000061
-0.756087	0.571667	0.008789	0.000077
-0.758110	0.574731	0.013672	0.000187
-0.754555	0.569353	0.000000	0.000000
-0.760610	0.578528	0.015625	0.000244
-0.755515	0.570803	0.006836	0.000047
-0.751960	0.565444	0.020508	0.000421
-0.752141	0.565717	0.016602	0.000276
-0.751884	0.565329	0.014648	0.000215
-0.759210	0.576400	0.006836	0.000047
-0.753791	0.568200	0.013672	0.000187
-0.760540	0.578421	0.012695	0.000161
-0.749018	0.561028	0.020508	0.000421
-0.751840	0.565264	0.008789	0.000077
-0.751941	0.565415	0.004883	0.000024
-0.748623	0.560436	0.034180	0.001168
-0.754300	0.568969	0.011719	0.000137
-0.755674	0.571044	0.006836	0.000047
-0.759921	0.577480	0.022461	0.000504
# Energy	Energy^2	Magnetic	Magnet^2
-0.756648	0.572516	0.032227	0.001039
-0.754741	0.569635	0.002930	0.000009
-0.752180	0.565775	0.013672	0.000187
-0.756186	0.571818	0.019531	0.000381
-0.755495	0.570772	0.003906	0.000015
-0.756695	0.572588	0.000977	0.000001
-0.752064	0.565601	0.013672	0.000187
-0.760523	0.578396	0.009766	0.000095
-0.753373	0.567571	0.020508	0.000421
-0.750511	0.563266	0.014648	0.000215
-0.758476	0.575285	0.009766	0.000095
-0.758172	0.574825	0.005859	0.000034
-0.755432	0.570678	0.005859	0.000034
-0.753519	0.567791	0.005859	0.000034
-0.759039	0.576140	0.030273	0.000916
-0.755603	0.570936	0.017578	0.000309
-0.748973	0.560960	0.004883	0.000024
-0.759594	0.576984	0.010742	0.000115
-0.754996	0.570019	0.007812	0.000061
-0.752153	0.565734	0.016602	0.000276
-0.760271	0.578012	0.036133	0.001306
-0.754117	0.568692	0.022461	0.000504
-0.751908	0.565365	0.012695	0.000161
-0.757091	0.573187	0.008789	0.000077
-0.758910	0.575944	0.009766	0.000095
-0.753189	0.567293	0.003906	0.000015
-0.753405	0.567619	0.000977	0.000001
-0.760287	0.578036	0.024414	0.000596
-0.751150	0.564226	0.005859	0.000034
-0.756364	0.572087	0.005859	0.000034
-0.755068	0.570127	0.016602	0.000276
-0.753453	0.567692	0.015625	0.000244
-0.749523	0.561785	0.001953	0.000004
-0.759931	0.577496	0.004883	0.000024
-0.754757	0.569659	0.026367	0.000695
-0.749739	0.562108	0.034180	0.001168
-0.755818	0.571261	0.009766	0.000095
-0.751794	0.565195	0.000000	0.000000
-0.754755	0.569656	0.041992	0.001763
-0.756553	0.572373	0.000977	0.000001
-0.751609	0.564916	0.039062	0.001526
-0.752041	0.565566	0.027344	0.000748
-0.757086	0.573180	0.015625	0.000244
-0.756292	0.571977	0.027344	0.000748
-0.754074	0.568627	0.006836	0.000047
-0.753362	0.567554	0.033203	0.001102
-0.751942	0.565416	0.024414	0.000596
-0.753925	0.568403	0.013672	0.000187
-0.751786	0.565182	0.000977	0.000001
-0.750168	0.562751	0.015625	0.000244
-0.753312	0.567479	0.009766	0.000095
-0.751181	0.564273	0.003906	0.000015
-0.749367	0.561552	0.022461	0.000504
-0.749359	0.561539	0.040039	0.001603
-0.751951	0.565430	0.006836	0.000047
-0.753684	0.568040	0.047852	0.002290
-0.748101	0.559656	0.009766	0.000095
-0.755889	0.571368	0.006836	0.000047
-0.752221	0.565837	0.060547	0.003666
-0.758853	0.575857	0.032227	0.001039
-0.753326	0.567500	0.035156	0.001236
-0.751724	0.565089	0.026367	0.000695
-0.756321	0.572021	0.027344	0.000748
-0.752540	0.566316	0.021484	0.000462
-0.754992	0.570013	0.005859	0.000034
-0.751609	0.564916	0.047852	0.002290
-0.750043	0.562565	0.018555	0.000344
-0.755157	0.570262	0.041992	0.001763
-0.756371	0.572098	0.020508	0.000421
-0.753572	0.567871	0.000000	0.000000
-0.756128	0.571730	0.019531	0.000381
-0.754160	0.568757	0.002930	0.000009
-0.748652	0.560480	0.005859	0.000034
-0.752688	0.566540	0.018555	0.000344
-0.755879	0.571354	0.016602	0.000276
-0.760379	0.578176	0.005859	0.000034
-0.753023	0.567043	0.011719	0.000137
-0.752281	0.565927	0.031250	0.000977
-0.757531	0.573853	0.001953	0.000004
-0.755957	0.571470	0.023438	0.000549
-0.752717	0.566583	0.007812	0.000061
-0.750226	0.562839	0.008789	0.000077
-0.754225	0.568856	0.002930	0.000009
-0.750948	0.563922	0.058594	0.003433
-0.754683	0.569546	0.000000	0.000000
-0.756525	0.572330	0.034180	0.001168
-0.753322	0.567493	0.010742	0.000115
-0.753789	0.568198	0.020508	0.000421
-0.754795	0.569716	0.003906	0.000015
-0.755986	0.571515	0.005859	0.000034
-0.759679	0.577112	0.007812	0.000061
-0.757171	0.573307	0.023438	0.000549
-0.760275	0.578017	0.014648	0.000215
-0.751750	0.565127	0.009766	0.000095
-0.751129	0.564195	0.017578	0.000309
-0.749265	0.561398	0.029297	0.000858
-0.758992	0.576070	0.010742	0.000115
-0.755680	0.571053	0.014648	0.000215
-0.757305	0.573512	0.000977	0.000001
-0.753279	0.567429	0.003906	0.000015
-0.754583	0.569396	0.002930	0.000009
-0.759788	0.577278	0.003906	0.000015
-0.748830	0.560747	0.010742	0.000115
-0.751436	0.564655	0.017578	0.000309
-0.755225	0.570365	0.009766	0.000095
-0.756221	0.571870	0.004883	0.000024
-0.751145	0.564219	0.006836	0.000047
-0.753249	0.567384	0.008789	0.000077
-0.752870	0.566813	0.006836	0.000047
-0.756495	0.572285	0.021484